{
 "cells": [
  {
   "cell_type": "code",
   "execution_count": 1,
   "metadata": {},
   "outputs": [],
   "source": [
    "import pandas as pd\n",
    "import matplotlib.pyplot as plt\n",
    "import numpy as np\n",
    "import os\n",
    "\n",
    "import redpandda\n",
    "from redpandda import *\n",
    "\n",
    "import resicon\n",
    "from resicon import *\n",
    "\n",
    "import geostas\n",
    "import mdtraj\n",
    "\n",
    "import MDAnalysis as mda \n",
    "\n",
    "import visualizations\n",
    "import comodo\n",
    "\n",
    "import hdbscan\n",
    "\n",
    "\n",
    "import plot_functions\n",
    "import compare_clusterings\n",
    "import process_data\n",
    "import visualizations\n",
    "\n",
    "from compare_clusterings import *\n",
    "from process_data import *\n",
    "from plot_functions import *\n",
    "from visualizations import *"
   ]
  },
  {
   "cell_type": "code",
   "execution_count": 2,
   "metadata": {},
   "outputs": [
    {
     "name": "stdout",
     "output_type": "stream",
     "text": [
      "trajectory-1.xtc\n",
      "avg.shape\n",
      "(21, 21)\n",
      "before average delta matrix\n",
      "[[0.         0.00605134 0.02541695 0.04342716 0.06056286 0.06802092\n",
      "  0.07645659 0.07105823 0.06336723 0.06943709 0.07611567 0.07739621\n",
      "  0.07785007 0.07490075 0.06862593 0.0709024  0.07198218 0.07415868\n",
      "  0.07447347 0.0817902  0.0829133 ]\n",
      " [0.00605134 0.         0.00617327 0.02589192 0.04024531 0.04848304\n",
      "  0.05379765 0.05541236 0.0533786  0.05661536 0.06496227 0.0709345\n",
      "  0.07254002 0.06930357 0.06289129 0.06569505 0.06583256 0.06628451\n",
      "  0.06539639 0.07449061 0.07459806]\n",
      " [0.02541695 0.00617327 0.         0.00629215 0.02637756 0.03942293\n",
      "  0.03942546 0.04608683 0.04899611 0.04880406 0.05764649 0.06722298\n",
      "  0.06602085 0.06399211 0.06032272 0.06102652 0.06205012 0.06487025\n",
      "  0.06292138 0.06971405 0.06964441]\n",
      " [0.04342716 0.02589192 0.00629215 0.         0.00608591 0.02611643\n",
      "  0.02709625 0.04282509 0.04834978 0.04483967 0.05100834 0.06428672\n",
      "  0.06338099 0.06574308 0.06389306 0.06199591 0.06416901 0.06982536\n",
      "  0.06540444 0.07155764 0.07023743]\n",
      " [0.06056286 0.04024531 0.02637756 0.00608591 0.         0.00628148\n",
      "  0.02246837 0.0295284  0.02971074 0.03160822 0.03721732 0.04637026\n",
      "  0.04603813 0.05560677 0.05379932 0.05160853 0.05344708 0.06298749\n",
      "  0.05818665 0.06497294 0.06628737]\n",
      " [0.06802092 0.04848304 0.03942293 0.02611643 0.00628148 0.\n",
      "  0.00600338 0.01763857 0.02909405 0.04299027 0.04082659 0.0443075\n",
      "  0.04850186 0.05931876 0.0594206  0.05823288 0.06156813 0.07074585\n",
      "  0.06347968 0.06596776 0.07017539]\n",
      " [0.07645659 0.05379765 0.03942546 0.02709625 0.02246837 0.00600338\n",
      "  0.         0.00601147 0.02339727 0.04675823 0.05425874 0.0490965\n",
      "  0.05127023 0.05813383 0.05789125 0.06117973 0.06465672 0.07215202\n",
      "  0.06385086 0.06826826 0.07405691]\n",
      " [0.07105823 0.05541236 0.04608683 0.04282509 0.0295284  0.01763857\n",
      "  0.00601147 0.         0.00606889 0.02205134 0.040151   0.04950285\n",
      "  0.0463765  0.05018239 0.04426343 0.04886572 0.05144354 0.05772473\n",
      "  0.05209838 0.0604217  0.06253726]\n",
      " [0.06336723 0.0533786  0.04899611 0.04834978 0.02971074 0.02909405\n",
      "  0.02339727 0.00606889 0.         0.00601005 0.02086907 0.04017946\n",
      "  0.04067813 0.04538041 0.04249474 0.04553383 0.04741085 0.05467372\n",
      "  0.04584446 0.05417383 0.05707933]\n",
      " [0.06943709 0.05661536 0.04880406 0.04483967 0.03160822 0.04299027\n",
      "  0.04675823 0.02205134 0.00601005 0.         0.00605618 0.02490346\n",
      "  0.03705521 0.04032828 0.04263134 0.04659463 0.0529017  0.05800684\n",
      "  0.04822769 0.05363748 0.06006721]\n",
      " [0.07611567 0.06496227 0.05764649 0.05100834 0.03721732 0.04082659\n",
      "  0.05425874 0.040151   0.02086907 0.00605618 0.         0.00625528\n",
      "  0.02335208 0.02621125 0.03724047 0.04391516 0.04982437 0.05412205\n",
      "  0.05139743 0.05650498 0.06415417]\n",
      " [0.07739621 0.0709345  0.06722298 0.06428672 0.04637026 0.0443075\n",
      "  0.0490965  0.04950285 0.04017946 0.02490346 0.00625528 0.\n",
      "  0.00619153 0.02034193 0.03280079 0.03887574 0.04271235 0.04707666\n",
      "  0.04574697 0.05490136 0.06167617]\n",
      " [0.07785007 0.07254002 0.06602085 0.06338099 0.04603813 0.04850186\n",
      "  0.05127023 0.0463765  0.04067813 0.03705521 0.02335208 0.00619153\n",
      "  0.         0.00597121 0.02099055 0.04041969 0.04933495 0.04731191\n",
      "  0.0465134  0.05358227 0.0629733 ]\n",
      " [0.07490075 0.06930357 0.06399211 0.06574308 0.05560677 0.05931876\n",
      "  0.05813383 0.05018239 0.04538041 0.04032828 0.02621125 0.02034193\n",
      "  0.00597121 0.         0.006099   0.02423088 0.03124874 0.03982958\n",
      "  0.03877991 0.04748041 0.05667594]\n",
      " [0.06862593 0.06289129 0.06032272 0.06389306 0.05379932 0.0594206\n",
      "  0.05789125 0.04426343 0.04249474 0.04263134 0.03724047 0.03280079\n",
      "  0.02099055 0.006099   0.         0.00624673 0.02173205 0.04026124\n",
      "  0.03754213 0.03961576 0.05125417]\n",
      " [0.0709024  0.06569505 0.06102652 0.06199591 0.05160853 0.05823288\n",
      "  0.06117973 0.04886572 0.04553383 0.04659463 0.04391516 0.03887574\n",
      "  0.04041969 0.02423088 0.00624673 0.         0.00617297 0.02131148\n",
      "  0.02334312 0.03262258 0.05466245]\n",
      " [0.07198218 0.06583256 0.06205012 0.06416901 0.05344708 0.06156813\n",
      "  0.06465672 0.05144354 0.04741085 0.0529017  0.04982437 0.04271235\n",
      "  0.04933495 0.03124874 0.02173205 0.00617297 0.         0.00610914\n",
      "  0.01697688 0.02666681 0.04717118]\n",
      " [0.07415868 0.06628451 0.06487025 0.06982536 0.06298749 0.07074585\n",
      "  0.07215202 0.05772473 0.05467372 0.05800684 0.05412205 0.04707666\n",
      "  0.04731191 0.03982958 0.04026124 0.02131148 0.00610914 0.\n",
      "  0.00617696 0.0209382  0.0436961 ]\n",
      " [0.07447347 0.06539639 0.06292138 0.06540444 0.05818665 0.06347968\n",
      "  0.06385086 0.05209838 0.04584446 0.04822769 0.05139743 0.04574697\n",
      "  0.0465134  0.03877991 0.03754213 0.02334312 0.01697688 0.00617696\n",
      "  0.         0.00616327 0.02598489]\n",
      " [0.0817902  0.07449061 0.06971405 0.07155764 0.06497294 0.06596776\n",
      "  0.06826826 0.0604217  0.05417383 0.05363748 0.05650498 0.05490136\n",
      "  0.05358227 0.04748041 0.03961576 0.03262258 0.02666681 0.0209382\n",
      "  0.00616327 0.         0.00620992]\n",
      " [0.0829133  0.07459806 0.06964441 0.07023743 0.06628737 0.07017539\n",
      "  0.07405691 0.06253726 0.05707933 0.06006721 0.06415417 0.06167617\n",
      "  0.0629733  0.05667594 0.05125417 0.05466245 0.04717118 0.0436961\n",
      "  0.02598489 0.00620992 0.        ]]\n",
      "after average delta matrix\n",
      "0.0096\n",
      "trajectory-2.xtc\n",
      "avg.shape\n",
      "(21, 21)\n",
      "before average delta matrix\n",
      "[[0.         0.00614893 0.0235315  0.04936047 0.06259397 0.06139031\n",
      "  0.05878078 0.06721788 0.06806184 0.06975615 0.07411108 0.0761038\n",
      "  0.07786135 0.07693189 0.07746731 0.08044177 0.0827115  0.08507361\n",
      "  0.08636315 0.09091781 0.09968373]\n",
      " [0.00614893 0.         0.00609265 0.02508645 0.04834424 0.05596116\n",
      "  0.05161393 0.05684801 0.06040821 0.06353857 0.06578184 0.06800289\n",
      "  0.07088024 0.06971919 0.06848618 0.07264161 0.07558373 0.07682072\n",
      "  0.07855307 0.08363335 0.09378245]\n",
      " [0.0235315  0.00609265 0.         0.0061132  0.02488625 0.03948949\n",
      "  0.05018666 0.0500245  0.049607   0.05705867 0.06276116 0.06220122\n",
      "  0.06576398 0.0666749  0.06522629 0.06741486 0.0718753  0.0740976\n",
      "  0.07454305 0.07927351 0.09069341]\n",
      " [0.04936047 0.02508645 0.0061132  0.         0.00609588 0.02336222\n",
      "  0.03905314 0.04506737 0.04153429 0.04475202 0.0540908  0.05783428\n",
      "  0.05644187 0.05774779 0.06026817 0.06361049 0.06496831 0.06881035\n",
      "  0.07130439 0.0746507  0.08363527]\n",
      " [0.06259397 0.04834424 0.02488625 0.00609588 0.         0.00608223\n",
      "  0.02270387 0.04017565 0.04580066 0.0424921  0.04872876 0.0578409\n",
      "  0.05645898 0.0549628  0.05844567 0.0635516  0.06359937 0.0666454\n",
      "  0.06986205 0.07381894 0.08142964]\n",
      " [0.06139031 0.05596116 0.03948949 0.02336222 0.00608223 0.\n",
      "  0.00605421 0.02354267 0.03654043 0.04817081 0.04696089 0.04983382\n",
      "  0.05147619 0.05360303 0.05200276 0.05559319 0.05848159 0.06293138\n",
      "  0.06374215 0.06701646 0.078779  ]\n",
      " [0.05878078 0.05161393 0.05018666 0.03905314 0.02270387 0.00605421\n",
      "  0.         0.00609177 0.02214869 0.03834929 0.0460014  0.04531178\n",
      "  0.04637397 0.05158133 0.05108421 0.05120702 0.05595849 0.06101904\n",
      "  0.06150619 0.06272946 0.07537067]\n",
      " [0.06721788 0.05684801 0.0500245  0.04506737 0.04017565 0.02354267\n",
      "  0.00609177 0.         0.00616846 0.02198802 0.0399567  0.04724731\n",
      "  0.0408295  0.04352842 0.04853528 0.05118719 0.05034291 0.05628845\n",
      "  0.05980098 0.06091583 0.06941948]\n",
      " [0.06806184 0.06040821 0.049607   0.04153429 0.04580066 0.03654043\n",
      "  0.02214869 0.00616846 0.         0.00614221 0.02304954 0.04002438\n",
      "  0.04024442 0.03889867 0.04241332 0.04917539 0.05011541 0.05298986\n",
      "  0.05666243 0.06191009 0.06982724]\n",
      " [0.06975615 0.06353857 0.05705867 0.04475202 0.0424921  0.04817081\n",
      "  0.03834929 0.02198802 0.00614221 0.         0.00606884 0.02437131\n",
      "  0.03420654 0.04030024 0.03908335 0.0416654  0.04842776 0.05316619\n",
      "  0.05237522 0.05626873 0.06896942]\n",
      " [0.07411108 0.06578184 0.06276116 0.0540908  0.04872876 0.04696089\n",
      "  0.0460014  0.0399567  0.02304954 0.00606884 0.         0.00614961\n",
      "  0.02089027 0.03062002 0.03703457 0.0342144  0.03792761 0.04772314\n",
      "  0.0497359  0.04796752 0.0599779 ]\n",
      " [0.0761038  0.06800289 0.06220122 0.05783428 0.0578409  0.04983382\n",
      "  0.04531178 0.04724731 0.04002438 0.02437131 0.00614961 0.\n",
      "  0.00603226 0.01936624 0.0330415  0.04162505 0.03650504 0.0401733\n",
      "  0.05194019 0.05654893 0.05739802]\n",
      " [0.07786135 0.07088024 0.06576398 0.05644187 0.05645898 0.05147619\n",
      "  0.04637397 0.0408295  0.04024442 0.03420654 0.02089027 0.00603226\n",
      "  0.         0.00610982 0.02179032 0.03963196 0.04459296 0.03812343\n",
      "  0.04406022 0.05871019 0.0666539 ]\n",
      " [0.07693189 0.06971919 0.0666749  0.05774779 0.0549628  0.05360303\n",
      "  0.05158133 0.04352842 0.03889867 0.04030024 0.03062002 0.01936624\n",
      "  0.00610982 0.         0.00608938 0.02067211 0.03480423 0.04063125\n",
      "  0.03698254 0.04132836 0.05931642]\n",
      " [0.07746731 0.06848618 0.06522629 0.06026817 0.05844567 0.05200276\n",
      "  0.05108421 0.04853528 0.04241332 0.03908335 0.03703457 0.0330415\n",
      "  0.02179032 0.00608938 0.         0.00611575 0.02120973 0.03834309\n",
      "  0.04527361 0.03973362 0.04768149]\n",
      " [0.08044177 0.07264161 0.06741486 0.06361049 0.0635516  0.05559319\n",
      "  0.05120702 0.05118719 0.04917539 0.0416654  0.0342144  0.04162505\n",
      "  0.03963196 0.02067211 0.00611575 0.         0.00618179 0.02145212\n",
      "  0.03604275 0.04915148 0.04815974]\n",
      " [0.0827115  0.07558373 0.0718753  0.06496831 0.06359937 0.05848159\n",
      "  0.05595849 0.05034291 0.05011541 0.04842776 0.03792761 0.03650504\n",
      "  0.04459296 0.03480423 0.02120973 0.00618179 0.         0.00602624\n",
      "  0.02086079 0.03770727 0.05590452]\n",
      " [0.08507361 0.07682072 0.0740976  0.06881035 0.0666454  0.06293138\n",
      "  0.06101904 0.05628845 0.05298986 0.05316619 0.04772314 0.0401733\n",
      "  0.03812343 0.04063125 0.03834309 0.02145212 0.00602624 0.\n",
      "  0.00601698 0.0243161  0.04504747]\n",
      " [0.08636315 0.07855307 0.07454305 0.07130439 0.06986205 0.06374215\n",
      "  0.06150619 0.05980098 0.05666243 0.05237522 0.0497359  0.05194019\n",
      "  0.04406022 0.03698254 0.04527361 0.03604275 0.02086079 0.00601698\n",
      "  0.         0.00612853 0.02946597]\n",
      " [0.09091781 0.08363335 0.07927351 0.0746507  0.07381894 0.06701646\n",
      "  0.06272946 0.06091583 0.06191009 0.05626873 0.04796752 0.05654893\n",
      "  0.05871019 0.04132836 0.03973362 0.04915148 0.03770727 0.0243161\n",
      "  0.00612853 0.         0.00602702]\n",
      " [0.09968373 0.09378245 0.09069341 0.08363527 0.08142964 0.078779\n",
      "  0.07537067 0.06941948 0.06982724 0.06896942 0.0599779  0.05739802\n",
      "  0.0666539  0.05931642 0.04768149 0.04815974 0.05590452 0.04504747\n",
      "  0.02946597 0.00602702 0.        ]]\n",
      "after average delta matrix\n",
      "0.0031\n",
      "trajectory-3.xtc\n",
      "avg.shape\n",
      "(21, 21)\n",
      "before average delta matrix\n",
      "[[0.         0.00612022 0.02279308 0.04898183 0.06007715 0.05782506\n",
      "  0.05881001 0.07119796 0.06893186 0.06450792 0.07314339 0.07642052\n",
      "  0.07695299 0.07475729 0.07457093 0.0768389  0.07787188 0.07747385\n",
      "  0.07871959 0.08622105 0.0966575 ]\n",
      " [0.00612022 0.         0.00608889 0.02492067 0.04548127 0.05588562\n",
      "  0.05120839 0.05676301 0.06309462 0.06429098 0.06580247 0.06989221\n",
      "  0.07436533 0.07252017 0.0711424  0.07537845 0.07849208 0.07742951\n",
      "  0.07718651 0.08324062 0.09302735]\n",
      " [0.02279308 0.00608889 0.         0.00604446 0.02398307 0.04058617\n",
      "  0.05015262 0.04784866 0.04827382 0.05809338 0.06444899 0.06168765\n",
      "  0.06649056 0.06605053 0.06471907 0.06792199 0.07020306 0.07085675\n",
      "  0.0708691  0.07793512 0.08850997]\n",
      " [0.04898183 0.02492067 0.00604446 0.         0.00610491 0.02264724\n",
      "  0.04103968 0.04835345 0.04067687 0.04503226 0.05836003 0.05764662\n",
      "  0.05800269 0.0587847  0.05884076 0.06063902 0.06123542 0.06308625\n",
      "  0.06448844 0.0727366  0.08364485]\n",
      " [0.06007715 0.04548127 0.02398307 0.00610491 0.         0.00604745\n",
      "  0.02304141 0.04159074 0.04501242 0.04115302 0.04973736 0.05524559\n",
      "  0.05795717 0.05634939 0.05625966 0.06013567 0.06202507 0.062464\n",
      "  0.06308402 0.07059795 0.08259881]\n",
      " [0.05782506 0.05588562 0.04058617 0.02264724 0.00604745 0.\n",
      "  0.00602723 0.02168876 0.03631579 0.04327807 0.04529041 0.04914505\n",
      "  0.05514636 0.05471038 0.05289537 0.05764206 0.06130678 0.06120442\n",
      "  0.0604502  0.0667616  0.07897674]\n",
      " [0.05881001 0.05120839 0.05015262 0.04103968 0.02304141 0.00602723\n",
      "  0.         0.00609372 0.021904   0.03604026 0.04875035 0.04516482\n",
      "  0.05010958 0.05092332 0.05096661 0.0524534  0.05642694 0.05734891\n",
      "  0.06010454 0.06580345 0.07806357]\n",
      " [0.07119796 0.05676301 0.04784866 0.04835345 0.04159074 0.02168876\n",
      "  0.00609372 0.         0.00606608 0.02237321 0.04207128 0.0452949\n",
      "  0.04696691 0.04652505 0.04913736 0.05315101 0.05289812 0.0530898\n",
      "  0.0562967  0.06301296 0.07688077]\n",
      " [0.06893186 0.06309462 0.04827382 0.04067687 0.04501242 0.03631579\n",
      "  0.021904   0.00606608 0.         0.00611798 0.0227365  0.03529922\n",
      "  0.04448991 0.0414478  0.04410985 0.05148514 0.05117689 0.05050951\n",
      "  0.05169212 0.05618066 0.07173852]\n",
      " [0.06450792 0.06429098 0.05809338 0.04503226 0.04115302 0.04327807\n",
      "  0.03604026 0.02237321 0.00611798 0.         0.00610971 0.02388238\n",
      "  0.04013428 0.03989369 0.04222748 0.05033849 0.05083682 0.0520989\n",
      "  0.05372662 0.05789806 0.07341187]\n",
      " [0.07314339 0.06580247 0.06444899 0.05836003 0.04973736 0.04529041\n",
      "  0.04875035 0.04207128 0.0227365  0.00610971 0.         0.00601775\n",
      "  0.02709303 0.03034724 0.04375489 0.05145214 0.04959674 0.05040558\n",
      "  0.05737856 0.06011014 0.07581282]\n",
      " [0.07642052 0.06989221 0.06168765 0.05764662 0.05524559 0.04914505\n",
      "  0.04516482 0.0452949  0.03529922 0.02388238 0.00601775 0.\n",
      "  0.00627807 0.02104002 0.03305981 0.04035588 0.03691306 0.0375027\n",
      "  0.04504578 0.0533346  0.07573123]\n",
      " [0.07695299 0.07436533 0.06649056 0.05800269 0.05795717 0.05514636\n",
      "  0.05010958 0.04696691 0.04448991 0.04013428 0.02709303 0.00627807\n",
      "  0.         0.00604614 0.01991015 0.03603247 0.04335955 0.04145452\n",
      "  0.04311807 0.04777389 0.06975371]\n",
      " [0.07475729 0.07252017 0.06605053 0.0587847  0.05634939 0.05471038\n",
      "  0.05092332 0.04652505 0.0414478  0.03989369 0.03034724 0.02104002\n",
      "  0.00604614 0.         0.0061159  0.02200252 0.0382635  0.04124694\n",
      "  0.04044312 0.0470782  0.06157249]\n",
      " [0.07457093 0.0711424  0.06471907 0.05884076 0.05625966 0.05289537\n",
      "  0.05096661 0.04913736 0.04410985 0.04222748 0.04375489 0.03305981\n",
      "  0.01991015 0.0061159  0.         0.00612441 0.02231546 0.03417266\n",
      "  0.03939939 0.04455622 0.0599797 ]\n",
      " [0.0768389  0.07537845 0.06792199 0.06063902 0.06013567 0.05764206\n",
      "  0.0524534  0.05315101 0.05148514 0.05033849 0.05145214 0.04035588\n",
      "  0.03603247 0.02200252 0.00612441 0.         0.00602443 0.02177881\n",
      "  0.03686795 0.04216104 0.06061374]\n",
      " [0.07787188 0.07849208 0.07020306 0.06123542 0.06202507 0.06130678\n",
      "  0.05642694 0.05289812 0.05117689 0.05083682 0.04959674 0.03691306\n",
      "  0.04335955 0.0382635  0.02231546 0.00602443 0.         0.00608282\n",
      "  0.02497093 0.02760231 0.04781528]\n",
      " [0.07747385 0.07742951 0.07085675 0.06308625 0.062464   0.06120442\n",
      "  0.05734891 0.0530898  0.05050951 0.0520989  0.05040558 0.0375027\n",
      "  0.04145452 0.04124694 0.03417266 0.02177881 0.00608282 0.\n",
      "  0.00590427 0.0240015  0.03479445]\n",
      " [0.07871959 0.07718651 0.0708691  0.06448844 0.06308402 0.0604502\n",
      "  0.06010454 0.0562967  0.05169212 0.05372662 0.05737856 0.04504578\n",
      "  0.04311807 0.04044312 0.03939939 0.03686795 0.02497093 0.00590427\n",
      "  0.         0.00614116 0.0271055 ]\n",
      " [0.08622105 0.08324062 0.07793512 0.0727366  0.07059795 0.0667616\n",
      "  0.06580345 0.06301296 0.05618066 0.05789806 0.06011014 0.0533346\n",
      "  0.04777389 0.0470782  0.04455622 0.04216104 0.02760231 0.0240015\n",
      "  0.00614116 0.         0.00620864]\n",
      " [0.0966575  0.09302735 0.08850997 0.08364485 0.08259881 0.07897674\n",
      "  0.07806357 0.07688077 0.07173852 0.07341187 0.07581282 0.07573123\n",
      "  0.06975371 0.06157249 0.0599797  0.06061374 0.04781528 0.03479445\n",
      "  0.0271055  0.00620864 0.        ]]\n",
      "after average delta matrix\n",
      "0.0026\n",
      "trajectory-4.xtc\n",
      "avg.shape\n",
      "(21, 21)\n",
      "before average delta matrix\n",
      "[[0.         0.00615348 0.0246659  0.04378599 0.05889497 0.05463326\n",
      "  0.05454754 0.06654458 0.06891464 0.06389409 0.06819436 0.07509547\n",
      "  0.07651647 0.07435991 0.07881754 0.08011769 0.08049875 0.08208764\n",
      "  0.08421371 0.08991331 0.09647858]\n",
      " [0.00615348 0.         0.00604469 0.02347883 0.04387835 0.05194766\n",
      "  0.04343539 0.04779803 0.05787946 0.0585822  0.05452062 0.06084122\n",
      "  0.06698603 0.06476115 0.06591866 0.0699091  0.07238711 0.07245554\n",
      "  0.07442752 0.08229873 0.09114846]\n",
      " [0.0246659  0.00604469 0.         0.00601424 0.02231992 0.04178442\n",
      "  0.04864081 0.0412349  0.04450335 0.056896   0.05873207 0.05415603\n",
      "  0.06022196 0.06288747 0.06462366 0.06422205 0.06758746 0.07009985\n",
      "  0.07103933 0.07700284 0.08705416]\n",
      " [0.04378599 0.02347883 0.00601424 0.         0.00600512 0.0221056\n",
      "  0.0408597  0.04635526 0.03713189 0.04292461 0.05591146 0.05680898\n",
      "  0.05501195 0.05718912 0.06218073 0.063265   0.06384069 0.06489081\n",
      "  0.06737797 0.07282116 0.07996956]\n",
      " [0.05889497 0.04387835 0.02231992 0.00600512 0.         0.00606293\n",
      "  0.02166459 0.03835464 0.04250402 0.03707906 0.04343316 0.05399501\n",
      "  0.05636561 0.05270849 0.05712404 0.06091321 0.06223825 0.06214312\n",
      "  0.06489247 0.07169077 0.07850099]\n",
      " [0.05463326 0.05194766 0.04178442 0.0221056  0.00606293 0.\n",
      "  0.00608927 0.02010223 0.03377935 0.04122279 0.03741098 0.0419671\n",
      "  0.05139673 0.05076015 0.05110621 0.05435516 0.05773184 0.0588101\n",
      "  0.06099165 0.06793318 0.07729913]\n",
      " [0.05454754 0.04343539 0.04864081 0.0408597  0.02166459 0.00608927\n",
      "  0.         0.00602433 0.02078942 0.03543837 0.04342011 0.04038542\n",
      "  0.04461407 0.04993705 0.05359061 0.05255181 0.05534304 0.05876922\n",
      "  0.06003377 0.06468137 0.07426298]\n",
      " [0.06654458 0.04779803 0.0412349  0.04635526 0.03835464 0.02010223\n",
      "  0.00602433 0.         0.00602671 0.02174982 0.03925704 0.04616632\n",
      "  0.04326291 0.04559234 0.05232888 0.05380447 0.05337709 0.05570098\n",
      "  0.05918834 0.06429182 0.07048371]\n",
      " [0.06891464 0.05787946 0.04450335 0.03713189 0.04250402 0.03377935\n",
      "  0.02078942 0.00602671 0.         0.00614367 0.0216886  0.03789288\n",
      "  0.04400717 0.04031323 0.043633   0.04921222 0.05107969 0.05050858\n",
      "  0.05469297 0.06257759 0.06978069]\n",
      " [0.06389409 0.0585822  0.056896   0.04292461 0.03707906 0.04122279\n",
      "  0.03543837 0.02174982 0.00614367 0.         0.00603057 0.02182154\n",
      "  0.03899973 0.04109053 0.04281418 0.04627844 0.05052446 0.05360755\n",
      "  0.05504901 0.06109166 0.07182975]\n",
      " [0.06819436 0.05452062 0.05873207 0.05591146 0.04343316 0.03741098\n",
      "  0.04342011 0.03925704 0.0216886  0.00603057 0.         0.00603261\n",
      "  0.02319212 0.03330487 0.04346373 0.04329988 0.04438319 0.05177338\n",
      "  0.05544455 0.05743768 0.06757269]\n",
      " [0.07509547 0.06084122 0.05415603 0.05680898 0.05399501 0.0419671\n",
      "  0.04038542 0.04616632 0.03789288 0.02182154 0.00603261 0.\n",
      "  0.00608744 0.02100516 0.03363289 0.03832937 0.03755682 0.0419738\n",
      "  0.04939941 0.05632884 0.06184459]\n",
      " [0.07651647 0.06698603 0.06022196 0.05501195 0.05636561 0.05139673\n",
      "  0.04461407 0.04326291 0.04400717 0.03899973 0.02319212 0.00608744\n",
      "  0.         0.0060482  0.02092794 0.03323446 0.04191875 0.04061352\n",
      "  0.04234924 0.056291   0.06902562]\n",
      " [0.07435991 0.06476115 0.06288747 0.05718912 0.05270849 0.05076015\n",
      "  0.04993705 0.04559234 0.04031323 0.04109053 0.03330487 0.02100516\n",
      "  0.0060482  0.         0.00619271 0.02099062 0.0352721  0.04270491\n",
      "  0.03813737 0.04223002 0.06108404]\n",
      " [0.07881754 0.06591866 0.06462366 0.06218073 0.05712404 0.05110621\n",
      "  0.05359061 0.05232888 0.043633   0.04281418 0.04346373 0.03363289\n",
      "  0.02092794 0.00619271 0.         0.00605806 0.02190164 0.0391941\n",
      "  0.047066   0.04077995 0.04880882]\n",
      " [0.08011769 0.0699091  0.06422205 0.063265   0.06091321 0.05435516\n",
      "  0.05255181 0.05380447 0.04921222 0.04627844 0.04329988 0.03832937\n",
      "  0.03323446 0.02099062 0.00605806 0.         0.00611626 0.02196534\n",
      "  0.0382832  0.04948237 0.04885114]\n",
      " [0.08049875 0.07238711 0.06758746 0.06384069 0.06223825 0.05773184\n",
      "  0.05534304 0.05337709 0.05107969 0.05052446 0.04438319 0.03755682\n",
      "  0.04191875 0.0352721  0.02190164 0.00611626 0.         0.00606949\n",
      "  0.02125047 0.03854961 0.05690992]\n",
      " [0.08208764 0.07245554 0.07009985 0.06489081 0.06214312 0.0588101\n",
      "  0.05876922 0.05570098 0.05050858 0.05360755 0.05177338 0.0419738\n",
      "  0.04061352 0.04270491 0.0391941  0.02196534 0.00606949 0.\n",
      "  0.00603867 0.02508419 0.04668251]\n",
      " [0.08421371 0.07442752 0.07103933 0.06737797 0.06489247 0.06099165\n",
      "  0.06003377 0.05918834 0.05469297 0.05504901 0.05544455 0.04939941\n",
      "  0.04234924 0.03813737 0.047066   0.0382832  0.02125047 0.00603867\n",
      "  0.         0.00613988 0.02989241]\n",
      " [0.08991331 0.08229873 0.07700284 0.07282116 0.07169077 0.06793318\n",
      "  0.06468137 0.06429182 0.06257759 0.06109166 0.05743768 0.05632884\n",
      "  0.056291   0.04223002 0.04077995 0.04948237 0.03854961 0.02508419\n",
      "  0.00613988 0.         0.00610096]\n",
      " [0.09647858 0.09114846 0.08705416 0.07996956 0.07850099 0.07729913\n",
      "  0.07426298 0.07048371 0.06978069 0.07182975 0.06757269 0.06184459\n",
      "  0.06902562 0.06108404 0.04880882 0.04885114 0.05690992 0.04668251\n",
      "  0.02989241 0.00610096 0.        ]]\n",
      "after average delta matrix\n",
      "0.0037\n",
      "trajectory-5.xtc\n",
      "avg.shape\n",
      "(21, 21)\n",
      "before average delta matrix\n",
      "[[0.         0.00611249 0.02546316 0.04297335 0.04967691 0.05057523\n",
      "  0.05514619 0.06623583 0.06336788 0.06439141 0.0703517  0.0791618\n",
      "  0.06917774 0.06918569 0.06684265 0.06432221 0.06286981 0.06281967\n",
      "  0.0625975  0.06477365 0.07388015]\n",
      " [0.00611249 0.         0.00606293 0.02372589 0.03788614 0.0491146\n",
      "  0.05222328 0.06598338 0.05716328 0.05580274 0.05731504 0.06532582\n",
      "  0.05950687 0.05946166 0.06031821 0.06063841 0.06193213 0.06377544\n",
      "  0.061708   0.06190228 0.06778716]\n",
      " [0.02546316 0.00606293 0.         0.0062243  0.02509007 0.04261772\n",
      "  0.0462298  0.06130239 0.05568037 0.05493972 0.05505242 0.06237194\n",
      "  0.05402966 0.0531843  0.05767352 0.05907159 0.06284752 0.06298759\n",
      "  0.06087017 0.06297783 0.07003035]\n",
      " [0.04297335 0.02372589 0.0062243  0.         0.00601141 0.02399621\n",
      "  0.03371261 0.04778408 0.05207193 0.05342976 0.05510942 0.06551725\n",
      "  0.04873557 0.03831808 0.04358602 0.0454733  0.05419561 0.05897188\n",
      "  0.05600974 0.0577844  0.06492649]\n",
      " [0.04967691 0.03788614 0.02509007 0.00601141 0.         0.00619744\n",
      "  0.02276856 0.02584644 0.04058823 0.04803128 0.04472501 0.05580868\n",
      "  0.04355638 0.0335059  0.04255396 0.0409979  0.04724982 0.05082193\n",
      "  0.04929337 0.05740492 0.06672618]\n",
      " [0.05057523 0.0491146  0.04261772 0.02399621 0.00619744 0.\n",
      "  0.00641171 0.02052901 0.02651197 0.03078575 0.03893512 0.04849261\n",
      "  0.04335786 0.03623332 0.03623792 0.04223086 0.04801551 0.04871678\n",
      "  0.0459982  0.05366531 0.06285741]\n",
      " [0.05514619 0.05222328 0.0462298  0.03371261 0.02276856 0.00641171\n",
      "  0.         0.00603883 0.01840591 0.03167737 0.05051734 0.04669623\n",
      "  0.0449861  0.04407207 0.04286479 0.05203142 0.05586428 0.05436344\n",
      "  0.05149255 0.05763605 0.06722419]\n",
      " [0.06623583 0.06598338 0.06130239 0.04778408 0.02584644 0.02052901\n",
      "  0.00603883 0.         0.00604928 0.02183303 0.04332314 0.03930849\n",
      "  0.0434408  0.03930765 0.0445232  0.06037317 0.06858639 0.06985507\n",
      "  0.06949679 0.06963971 0.07261597]\n",
      " [0.06336788 0.05716328 0.05568037 0.05207193 0.04058823 0.02651197\n",
      "  0.01840591 0.00604928 0.         0.00621578 0.0212901  0.02739799\n",
      "  0.043839   0.03986619 0.0408747  0.05091593 0.0596768  0.06271731\n",
      "  0.06218885 0.06237016 0.06786132]\n",
      " [0.06439141 0.05580274 0.05493972 0.05342976 0.04803128 0.03078575\n",
      "  0.03167737 0.02183303 0.00621578 0.         0.00610838 0.0245295\n",
      "  0.0480467  0.0481031  0.04623172 0.05196624 0.05695712 0.05854195\n",
      "  0.058162   0.0616991  0.07139785]\n",
      " [0.0703517  0.05731504 0.05505242 0.05510942 0.04472501 0.03893512\n",
      "  0.05051734 0.04332314 0.0212901  0.00610838 0.         0.00622567\n",
      "  0.03283704 0.03507847 0.04519732 0.0619768  0.06350267 0.0639664\n",
      "  0.06337405 0.07016201 0.07878578]\n",
      " [0.0791618  0.06532582 0.06237194 0.06551725 0.05580868 0.04849261\n",
      "  0.04669623 0.03930849 0.02739799 0.0245295  0.00622567 0.\n",
      "  0.0062954  0.026431   0.03531649 0.05171974 0.05414216 0.06012477\n",
      "  0.05927669 0.06774289 0.07928563]\n",
      " [0.06917774 0.05950687 0.05402966 0.04873557 0.04355638 0.04335786\n",
      "  0.0449861  0.0434408  0.043839   0.0480467  0.03283704 0.0062954\n",
      "  0.         0.00619936 0.02714028 0.04548419 0.04773858 0.05396704\n",
      "  0.0530083  0.06208599 0.07436448]\n",
      " [0.06918569 0.05946166 0.0531843  0.03831808 0.0335059  0.03623332\n",
      "  0.04407207 0.03930765 0.03986619 0.0481031  0.03507847 0.026431\n",
      "  0.00619936 0.         0.00629028 0.02140983 0.03031654 0.04445262\n",
      "  0.04649437 0.06016103 0.07411258]\n",
      " [0.06684265 0.06031821 0.05767352 0.04358602 0.04255396 0.03623792\n",
      "  0.04286479 0.0445232  0.0408747  0.04623172 0.04519732 0.03531649\n",
      "  0.02714028 0.00629028 0.         0.0062363  0.02399432 0.03951108\n",
      "  0.04201365 0.05571259 0.0694233 ]\n",
      " [0.06432221 0.06063841 0.05907159 0.0454733  0.0409979  0.04223086\n",
      "  0.05203142 0.06037317 0.05091593 0.05196624 0.0619768  0.05171974\n",
      "  0.04548419 0.02140983 0.0062363  0.         0.00614015 0.02418638\n",
      "  0.03209698 0.05325118 0.06650434]\n",
      " [0.06286981 0.06193213 0.06284752 0.05419561 0.04724982 0.04801551\n",
      "  0.05586428 0.06858639 0.0596768  0.05695712 0.06350267 0.05414216\n",
      "  0.04773858 0.03031654 0.02399432 0.00614015 0.         0.00618262\n",
      "  0.02372118 0.04024879 0.05277894]\n",
      " [0.06281967 0.06377544 0.06298759 0.05897188 0.05082193 0.04871678\n",
      "  0.05436344 0.06985507 0.06271731 0.05854195 0.0639664  0.06012477\n",
      "  0.05396704 0.04445262 0.03951108 0.02418638 0.00618262 0.\n",
      "  0.00618277 0.02247935 0.03897487]\n",
      " [0.0625975  0.061708   0.06087017 0.05600974 0.04929337 0.0459982\n",
      "  0.05149255 0.06949679 0.06218885 0.058162   0.06337405 0.05927669\n",
      "  0.0530083  0.04649437 0.04201365 0.03209698 0.02372118 0.00618277\n",
      "  0.         0.0061621  0.0255816 ]\n",
      " [0.06477365 0.06190228 0.06297783 0.0577844  0.05740492 0.05366531\n",
      "  0.05763605 0.06963971 0.06237016 0.0616991  0.07016201 0.06774289\n",
      "  0.06208599 0.06016103 0.05571259 0.05325118 0.04024879 0.02247935\n",
      "  0.0061621  0.         0.00614912]\n",
      " [0.07388015 0.06778716 0.07003035 0.06492649 0.06672618 0.06285741\n",
      "  0.06722419 0.07261597 0.06786132 0.07139785 0.07878578 0.07928563\n",
      "  0.07436448 0.07411258 0.0694233  0.06650434 0.05277894 0.03897487\n",
      "  0.0255816  0.00614912 0.        ]]\n",
      "after average delta matrix\n",
      "0.0035\n"
     ]
    }
   ],
   "source": [
    "clusterings_spectral, aQ_spectral, matricesspectral = run_clustering(protein_info_list = CONSTANTS.mcg, clustering_algorithm=\"spectral\")"
   ]
  },
  {
   "cell_type": "code",
   "execution_count": null,
   "metadata": {},
   "outputs": [
    {
     "name": "stdout",
     "output_type": "stream",
     "text": [
      "trajectory-1.xtc\n",
      "avg.shape\n",
      "(21, 21)\n",
      "before average delta matrix\n",
      "[[0.         0.00605134 0.02541695 0.04342716 0.06056286 0.06802092\n",
      "  0.07645659 0.07105823 0.06336723 0.06943709 0.07611567 0.07739621\n",
      "  0.07785007 0.07490075 0.06862593 0.0709024  0.07198218 0.07415868\n",
      "  0.07447347 0.0817902  0.0829133 ]\n",
      " [0.00605134 0.         0.00617327 0.02589192 0.04024531 0.04848304\n",
      "  0.05379765 0.05541236 0.0533786  0.05661536 0.06496227 0.0709345\n",
      "  0.07254002 0.06930357 0.06289129 0.06569505 0.06583256 0.06628451\n",
      "  0.06539639 0.07449061 0.07459806]\n",
      " [0.02541695 0.00617327 0.         0.00629215 0.02637756 0.03942293\n",
      "  0.03942546 0.04608683 0.04899611 0.04880406 0.05764649 0.06722298\n",
      "  0.06602085 0.06399211 0.06032272 0.06102652 0.06205012 0.06487025\n",
      "  0.06292138 0.06971405 0.06964441]\n",
      " [0.04342716 0.02589192 0.00629215 0.         0.00608591 0.02611643\n",
      "  0.02709625 0.04282509 0.04834978 0.04483967 0.05100834 0.06428672\n",
      "  0.06338099 0.06574308 0.06389306 0.06199591 0.06416901 0.06982536\n",
      "  0.06540444 0.07155764 0.07023743]\n",
      " [0.06056286 0.04024531 0.02637756 0.00608591 0.         0.00628148\n",
      "  0.02246837 0.0295284  0.02971074 0.03160822 0.03721732 0.04637026\n",
      "  0.04603813 0.05560677 0.05379932 0.05160853 0.05344708 0.06298749\n",
      "  0.05818665 0.06497294 0.06628737]\n",
      " [0.06802092 0.04848304 0.03942293 0.02611643 0.00628148 0.\n",
      "  0.00600338 0.01763857 0.02909405 0.04299027 0.04082659 0.0443075\n",
      "  0.04850186 0.05931876 0.0594206  0.05823288 0.06156813 0.07074585\n",
      "  0.06347968 0.06596776 0.07017539]\n",
      " [0.07645659 0.05379765 0.03942546 0.02709625 0.02246837 0.00600338\n",
      "  0.         0.00601147 0.02339727 0.04675823 0.05425874 0.0490965\n",
      "  0.05127023 0.05813383 0.05789125 0.06117973 0.06465672 0.07215202\n",
      "  0.06385086 0.06826826 0.07405691]\n",
      " [0.07105823 0.05541236 0.04608683 0.04282509 0.0295284  0.01763857\n",
      "  0.00601147 0.         0.00606889 0.02205134 0.040151   0.04950285\n",
      "  0.0463765  0.05018239 0.04426343 0.04886572 0.05144354 0.05772473\n",
      "  0.05209838 0.0604217  0.06253726]\n",
      " [0.06336723 0.0533786  0.04899611 0.04834978 0.02971074 0.02909405\n",
      "  0.02339727 0.00606889 0.         0.00601005 0.02086907 0.04017946\n",
      "  0.04067813 0.04538041 0.04249474 0.04553383 0.04741085 0.05467372\n",
      "  0.04584446 0.05417383 0.05707933]\n",
      " [0.06943709 0.05661536 0.04880406 0.04483967 0.03160822 0.04299027\n",
      "  0.04675823 0.02205134 0.00601005 0.         0.00605618 0.02490346\n",
      "  0.03705521 0.04032828 0.04263134 0.04659463 0.0529017  0.05800684\n",
      "  0.04822769 0.05363748 0.06006721]\n",
      " [0.07611567 0.06496227 0.05764649 0.05100834 0.03721732 0.04082659\n",
      "  0.05425874 0.040151   0.02086907 0.00605618 0.         0.00625528\n",
      "  0.02335208 0.02621125 0.03724047 0.04391516 0.04982437 0.05412205\n",
      "  0.05139743 0.05650498 0.06415417]\n",
      " [0.07739621 0.0709345  0.06722298 0.06428672 0.04637026 0.0443075\n",
      "  0.0490965  0.04950285 0.04017946 0.02490346 0.00625528 0.\n",
      "  0.00619153 0.02034193 0.03280079 0.03887574 0.04271235 0.04707666\n",
      "  0.04574697 0.05490136 0.06167617]\n",
      " [0.07785007 0.07254002 0.06602085 0.06338099 0.04603813 0.04850186\n",
      "  0.05127023 0.0463765  0.04067813 0.03705521 0.02335208 0.00619153\n",
      "  0.         0.00597121 0.02099055 0.04041969 0.04933495 0.04731191\n",
      "  0.0465134  0.05358227 0.0629733 ]\n",
      " [0.07490075 0.06930357 0.06399211 0.06574308 0.05560677 0.05931876\n",
      "  0.05813383 0.05018239 0.04538041 0.04032828 0.02621125 0.02034193\n",
      "  0.00597121 0.         0.006099   0.02423088 0.03124874 0.03982958\n",
      "  0.03877991 0.04748041 0.05667594]\n",
      " [0.06862593 0.06289129 0.06032272 0.06389306 0.05379932 0.0594206\n",
      "  0.05789125 0.04426343 0.04249474 0.04263134 0.03724047 0.03280079\n",
      "  0.02099055 0.006099   0.         0.00624673 0.02173205 0.04026124\n",
      "  0.03754213 0.03961576 0.05125417]\n",
      " [0.0709024  0.06569505 0.06102652 0.06199591 0.05160853 0.05823288\n",
      "  0.06117973 0.04886572 0.04553383 0.04659463 0.04391516 0.03887574\n",
      "  0.04041969 0.02423088 0.00624673 0.         0.00617297 0.02131148\n",
      "  0.02334312 0.03262258 0.05466245]\n",
      " [0.07198218 0.06583256 0.06205012 0.06416901 0.05344708 0.06156813\n",
      "  0.06465672 0.05144354 0.04741085 0.0529017  0.04982437 0.04271235\n",
      "  0.04933495 0.03124874 0.02173205 0.00617297 0.         0.00610914\n",
      "  0.01697688 0.02666681 0.04717118]\n",
      " [0.07415868 0.06628451 0.06487025 0.06982536 0.06298749 0.07074585\n",
      "  0.07215202 0.05772473 0.05467372 0.05800684 0.05412205 0.04707666\n",
      "  0.04731191 0.03982958 0.04026124 0.02131148 0.00610914 0.\n",
      "  0.00617696 0.0209382  0.0436961 ]\n",
      " [0.07447347 0.06539639 0.06292138 0.06540444 0.05818665 0.06347968\n",
      "  0.06385086 0.05209838 0.04584446 0.04822769 0.05139743 0.04574697\n",
      "  0.0465134  0.03877991 0.03754213 0.02334312 0.01697688 0.00617696\n",
      "  0.         0.00616327 0.02598489]\n",
      " [0.0817902  0.07449061 0.06971405 0.07155764 0.06497294 0.06596776\n",
      "  0.06826826 0.0604217  0.05417383 0.05363748 0.05650498 0.05490136\n",
      "  0.05358227 0.04748041 0.03961576 0.03262258 0.02666681 0.0209382\n",
      "  0.00616327 0.         0.00620992]\n",
      " [0.0829133  0.07459806 0.06964441 0.07023743 0.06628737 0.07017539\n",
      "  0.07405691 0.06253726 0.05707933 0.06006721 0.06415417 0.06167617\n",
      "  0.0629733  0.05667594 0.05125417 0.05466245 0.04717118 0.0436961\n",
      "  0.02598489 0.00620992 0.        ]]\n",
      "after average delta matrix\n",
      "0.0028\n",
      "trajectory-2.xtc\n",
      "avg.shape\n",
      "(21, 21)\n",
      "before average delta matrix\n",
      "[[0.         0.00614893 0.0235315  0.04936047 0.06259397 0.06139031\n",
      "  0.05878078 0.06721788 0.06806184 0.06975615 0.07411108 0.0761038\n",
      "  0.07786135 0.07693189 0.07746731 0.08044177 0.0827115  0.08507361\n",
      "  0.08636315 0.09091781 0.09968373]\n",
      " [0.00614893 0.         0.00609265 0.02508645 0.04834424 0.05596116\n",
      "  0.05161393 0.05684801 0.06040821 0.06353857 0.06578184 0.06800289\n",
      "  0.07088024 0.06971919 0.06848618 0.07264161 0.07558373 0.07682072\n",
      "  0.07855307 0.08363335 0.09378245]\n",
      " [0.0235315  0.00609265 0.         0.0061132  0.02488625 0.03948949\n",
      "  0.05018666 0.0500245  0.049607   0.05705867 0.06276116 0.06220122\n",
      "  0.06576398 0.0666749  0.06522629 0.06741486 0.0718753  0.0740976\n",
      "  0.07454305 0.07927351 0.09069341]\n",
      " [0.04936047 0.02508645 0.0061132  0.         0.00609588 0.02336222\n",
      "  0.03905314 0.04506737 0.04153429 0.04475202 0.0540908  0.05783428\n",
      "  0.05644187 0.05774779 0.06026817 0.06361049 0.06496831 0.06881035\n",
      "  0.07130439 0.0746507  0.08363527]\n",
      " [0.06259397 0.04834424 0.02488625 0.00609588 0.         0.00608223\n",
      "  0.02270387 0.04017565 0.04580066 0.0424921  0.04872876 0.0578409\n",
      "  0.05645898 0.0549628  0.05844567 0.0635516  0.06359937 0.0666454\n",
      "  0.06986205 0.07381894 0.08142964]\n",
      " [0.06139031 0.05596116 0.03948949 0.02336222 0.00608223 0.\n",
      "  0.00605421 0.02354267 0.03654043 0.04817081 0.04696089 0.04983382\n",
      "  0.05147619 0.05360303 0.05200276 0.05559319 0.05848159 0.06293138\n",
      "  0.06374215 0.06701646 0.078779  ]\n",
      " [0.05878078 0.05161393 0.05018666 0.03905314 0.02270387 0.00605421\n",
      "  0.         0.00609177 0.02214869 0.03834929 0.0460014  0.04531178\n",
