1 1 0.521553
1 2 0.41572
1 3 0.380733
1 4 0.276641
1 5 0.178609
1 6 0.12805
1 7 0.0862763
1 8 0.0522424
1 9 0.0338163
1 10 0.0276613
1 11 0.0235191
1 12 0.0207076
1 13 0.0215381
1 14 0.017626
1 15 0.0132515
1 16 0.010801
1 17 0.0108881
1 18 0.0121869
1 19 0.0126533
1 20 0.0163882
1 21 0.0152666
1 22 0.0122349
1 23 0.0117692
1 24 0.0114282
1 25 0.0106331
1 26 0.0103023
1 27 0.00990131
1 28 0.00946755
1 29 0.00986362
1 30 0.00939201
1 31 0.00955492
1 32 0.0105434
1 33 0.0105671
1 34 0.0110362
1 35 0.0108102
1 36 0.0102052
1 37 0.00923983
1 38 0.00907255
1 39 0.00868504
1 40 0.00892273
1 41 0.00949216
1 42 0.0107204
1 43 0.0120118
1 44 0.0123481
1 45 0.0132533
1 46 0.0110249
1 47 0.00991272
1 48 0.00906484
1 49 0.00808059
1 50 0.00655046
1 51 0.00567606
1 52 0.00434323
1 53 -0.00321544
1 54 0.00169603
1 55 0.0032044
1 56 0.00448621
1 57 0.00573194
1 58 0.00670531
1 59 0.00830384
1 60 0.0100147
1 61 0.0111153
1 62 0.013888
1 63 0.0155369
1 64 0.0182697
1 65 0.0220552
1 66 0.0232754
1 67 0.0305929
1 68 0.0311941
1 69 0.0403066
1 70 0.0270448
1 71 0.00717912
1 72 -0.00888853
1 73 -0.0224149
1 74 -0.0289487
1 75 -0.0339991
1 76 -0.0395817
1 77 -0.0449889
1 78 -0.046393
1 79 -0.0482066
1 80 -0.048674
1 81 -0.049142
1 82 -0.0493173
1 83 -0.0492465
1 84 -0.0492324
1 85 -0.0489239
1 86 -0.0485738
1 87 -0.048472
1 88 -0.0485447
1 89 -0.0489105
1 90 -0.0488629
1 91 -0.0490122
1 92 -0.0488691
1 93 -0.0488032
1 94 -0.0497522
1 95 -0.0498495
1 96 -0.0497283
1 97 -0.0497039
1 98 -0.0493973
1 99 -0.0490383
1 100 -0.0484976
1 101 -0.0466224
1 102 -0.0468562
1 103 -0.0465253
1 104 -0.0447114
1 105 -0.0408561
1 106 -0.0440388
1 107 -0.044835
1 108 -0.0460926
1 109 -0.0466397
1 110 -0.0462917
1 111 -0.0467572
1 112 -0.0475064
1 113 -0.0477281
1 114 -0.0480312
1 115 -0.0487979
1 116 -0.0491066
1 117 -0.0487288
1 118 -0.0479164
1 119 -0.0470811
1 120 -0.0455256
1 121 -0.0435798
1 122 -0.0405105
1 123 -0.036216
1 124 -0.0331797
1 125 -0.0272331
1 126 -0.0318582
1 127 -0.0332528
1 128 -0.0343872
1 129 -0.0371816
1 130 -0.0393467
1 131 -0.0419041
1 132 -0.0428433
1 133 -0.0450193
1 134 -0.0462921
1 135 -0.0462461
1 136 -0.0459488
2 1 0.41572
2 2 0.44009
2 3 0.369593
2 4 0.277337
2 5 0.179306
2 6 0.128746
2 7 0.0869726
2 8 0.0529386
2 9 0.0345124
2 10 0.0283574
2 11 0.0242152
2 12 0.0214037
2 13 0.0222342
2 14 0.018322
2 15 0.0139475
2 16 0.011497
2 17 0.0115841
2 18 0.012883
2 19 0.0133493
2 20 0.0170843
2 21 0.0159628
2 22 0.012931
2 23 0.0124652
2 24 0.0121243
2 25 0.0113292
2 26 0.0109984
2 27 0.0105974
2 28 0.0101636
2 29 0.0105597
2 30 0.0100881
2 31 0.010251
2 32 0.0112394
2 33 0.0112632
2 34 0.0117322
2 35 0.0115062
2 36 0.0109012
2 37 0.00993578
2 38 0.00976851
2 39 0.00938103
2 40 0.00961869
2 41 0.0101881
2 42 0.0114163
2 43 0.0127078
2 44 0.0130441
2 45 0.0139494
2 46 0.0117209
2 47 0.0106088
2 48 0.0097609
2 49 0.00877668
2 50 0.00724656
2 51 0.00637216
2 52 0.00503934
2 53 -0.00251927
2 54 0.00239217
2 55 0.00390052
2 56 0.00518231
2 57 0.006428
2 58 0.00740137
2 59 0.00899989
2 60 0.0107107
2 61 0.0118113
2 62 0.014584
2 63 0.0162329
2 64 0.0189658
2 65 0.0227513
2 66 0.0239715
2 67 0.031289
2 68 0.0318902
2 69 0.0410027
2 70 0.027741
2 71 0.00787534
2 72 -0.00819223
2 73 -0.0217186
2 74 -0.0282523
2 75 -0.0333027
2 76 -0.0388852
2 77 -0.0442925
2 78 -0.0456966
2 79 -0.0475102
2 80 -0.0479775
2 81 -0.0484455
2 82 -0.0486209
2 83 -0.04855
2 84 -0.0485359
2 85 -0.0482275
2 86 -0.0478773
2 87 -0.0477755
2 88 -0.0478482
2 89 -0.048214
2 90 -0.0481664
2 91 -0.0483157
2 92 -0.0481726
2 93 -0.0481067
2 94 -0.0490557
2 95 -0.049153
2 96 -0.0490318
2 97 -0.0490074
2 98 -0.0487009
2 99 -0.0483418
2 100 -0.0478012
2 101 -0.045926
2 102 -0.0461597
2 103 -0.0458288
2 104 -0.044015
2 105 -0.0401596
2 106 -0.0433423
2 107 -0.0441386
2 108 -0.0453962
2 109 -0.0459433
2 110 -0.0455952
2 111 -0.0460608
2 112 -0.0468099
2 113 -0.0470316
2 114 -0.0473347
2 115 -0.0481014
2 116 -0.0484101
2 117 -0.0480323
2 118 -0.0472199
2 119 -0.0463847
2 120 -0.0448291
2 121 -0.0428833
2 122 -0.039814
2 123 -0.0355196
2 124 -0.0324833
2 125 -0.0265367
2 126 -0.0311619
2 127 -0.0325564
2 128 -0.0336908
2 129 -0.0364852
2 130 -0.0386503
2 131 -0.0412077
2 132 -0.0421469
2 133 -0.0443229
2 134 -0.0455956
2 135 -0.0455496
2 136 -0.0452523
3 1 0.380733
3 2 0.369593
3 3 0.405624
3 4 0.277859
3 5 0.179828
3 6 0.129268
3 7 0.0874949
3 8 0.0534611
3 9 0.035035
3 10 0.02888
3 11 0.0247377
3 12 0.0219263
3 13 0.0227567
3 14 0.0188446
3 15 0.0144701
3 16 0.0120196
3 17 0.0121067
3 18 0.0134055
3 19 0.0138718
3 20 0.0176068
3 21 0.0164852
3 22 0.0134534
3 23 0.0129877
3 24 0.0126468
3 25 0.0118517
3 26 0.0115209
3 27 0.0111199
3 28 0.0106862
3 29 0.0110822
3 30 0.0106106
3 31 0.0107736
3 32 0.011762
3 33 0.0117858
3 34 0.0122548
3 35 0.0120289
3 36 0.0114239
3 37 0.0104585
3 38 0.0102913
3 39 0.00990378
3 40 0.0101414
3 41 0.0107108
3 42 0.0119391
3 43 0.0132304
3 44 0.0135668
3 45 0.014472
3 46 0.0122436
3 47 0.0111314
3 48 0.0102835
3 49 0.00929924
3 50 0.0077691
3 51 0.00689467
3 52 0.00556183
3 53 -0.00199688
3 54 0.00291464
3 55 0.00442302
3 56 0.00570484
3 57 0.00695053
3 58 0.00792393
3 59 0.00952248
3 60 0.0112333
3 61 0.0123339
3 62 0.0151066
3 63 0.0167555
3 64 0.0194884
3 65 0.0232739
3 66 0.024494
3 67 0.0318116
3 68 0.0324128
3 69 0.0415252
3 70 0.0282634
3 71 0.00839767
3 72 -0.00767005
3 73 -0.0211965
3 74 -0.0277303
3 75 -0.0327808
3 76 -0.0383633
3 77 -0.0437706
3 78 -0.0451747
3 79 -0.0469884
3 80 -0.0474557
3 81 -0.0479237
3 82 -0.0480991
3 83 -0.0480282
3 84 -0.0480141
3 85 -0.0477057
3 86 -0.0473555
3 87 -0.0472537
3 88 -0.0473264
3 89 -0.0476922
3 90 -0.0476446
3 91 -0.0477939
3 92 -0.0476508
3 93 -0.0475849
3 94 -0.0485339
3 95 -0.0486312
3 96 -0.04851
3 97 -0.0484856
3 98 -0.0481791
3 99 -0.04782
3 100 -0.0472794
3 101 -0.0454041
3 102 -0.0456379
3 103 -0.045307
3 104 -0.0434931
3 105 -0.0396377
3 106 -0.0428205
3 107 -0.0436168
3 108 -0.0448743
3 109 -0.0454215
3 110 -0.0450734
3 111 -0.045539
3 112 -0.0462881
3 113 -0.0465098
3 114 -0.0468129
3 115 -0.0475796
3 116 -0.0478883
3 117 -0.0475105
3 118 -0.0466981
3 119 -0.0458628
3 120 -0.0443073
3 121 -0.0423615
3 122 -0.0392922
3 123 -0.0349977
3 124 -0.0319613
3 125 -0.0260147
3 126 -0.0306399
3 127 -0.0320344
3 128 -0.0331688
3 129 -0.0359632
3 130 -0.0381284
3 131 -0.0406858
3 132 -0.041625
3 133 -0.0438011
3 134 -0.0450738
3 135 -0.0450278
3 136 -0.0447305
4 1 0.276641
4 2 0.277337
4 3 0.277859
4 4 0.280296
4 5 0.182265
4 6 0.131705
4 7 0.0899318
4 8 0.0558979
4 9 0.0374718
4 10 0.0313167
4 11 0.0271745
4 12 0.024363
4 13 0.0251935
4 14 0.0212813
4 15 0.0169069
4 16 0.0144564
4 17 0.0145435
4 18 0.0158423
4 19 0.0163087
4 20 0.0200436
4 21 0.0189221
4 22 0.0158902
4 23 0.0154245
4 24 0.0150836
4 25 0.0142885
4 26 0.0139577
4 27 0.0135567
4 28 0.0131229
4 29 0.013519
4 30 0.0130474
4 31 0.0132103
4 32 0.0141988
4 33 0.0142225
4 34 0.0146915
4 35 0.0144656
4 36 0.0138606
4 37 0.0128953
4 38 0.0127279
4 39 0.0123404
4 40 0.0125781
4 41 0.0131475
4 42 0.0143757
4 43 0.0156672
4 44 0.0160035
4 45 0.0169087
4 46 0.0146803
4 47 0.0135681
4 48 0.0127203
4 49 0.011736
4 50 0.0102059
4 51 0.00933147
4 52 0.00799861
4 53 0.000439968
4 54 0.00535149
4 55 0.00685984
4 56 0.00814165
4 57 0.0093873
4 58 0.0103607
4 59 0.0119593
4 60 0.0136701
4 61 0.0147707
4 62 0.0175434
4 63 0.0191923
4 64 0.0219252
4 65 0.0257107
4 66 0.0269309
4 67 0.0342484
4 68 0.0348496
4 69 0.043962
4 70 0.0307003
4 71 0.0108346
4 72 -0.00523307
4 73 -0.0187595
4 74 -0.0252932
4 75 -0.0303437
4 76 -0.0359262
4 77 -0.0413335
4 78 -0.0427376
4 79 -0.0445512
4 80 -0.0450186
4 81 -0.0454866
4 82 -0.0456619
4 83 -0.0455911
4 84 -0.045577
4 85 -0.0452685
4 86 -0.0449184
4 87 -0.0448165
4 88 -0.0448893
4 89 -0.0452551
4 90 -0.0452075
4 91 -0.0453568
4 92 -0.0452136
4 93 -0.0451478
4 94 -0.0460968
4 95 -0.0461941
4 96 -0.0460729
4 97 -0.0460485
4 98 -0.0457419
4 99 -0.0453829
4 100 -0.0448422
4 101 -0.042967
4 102 -0.0432008
4 103 -0.0428699
4 104 -0.0410561
4 105 -0.0372007
4 106 -0.0403834
4 107 -0.0411796
4 108 -0.0424372
4 109 -0.0429843
4 110 -0.0426363
4 111 -0.0431019
4 112 -0.0438509
4 113 -0.0440727
4 114 -0.0443758
4 115 -0.0451425
4 116 -0.0454512
4 117 -0.0450734
4 118 -0.044261
4 119 -0.0434257
4 120 -0.0418702
4 121 -0.0399244
4 122 -0.0368551
4 123 -0.0325606
4 124 -0.0295243
4 125 -0.0235777
4 126 -0.0282029
4 127 -0.0295974
4 128 -0.0307318
4 129 -0.0335262
4 130 -0.0356913
4 131 -0.0382487
4 132 -0.0391879
4 133 -0.0413639
4 134 -0.0426367
4 135 -0.0425907
4 136 -0.0422934
5 1 0.178609
5 2 0.179306
5 3 0.179828
5 4 0.182265
5 5 0.214086
5 6 0.129067
5 7 0.0952783
5 8 0.0585943
5 9 0.0401495
5 10 0.0340131
5 11 0.0298765
5 12 0.0270716
5 13 0.0279028
5 14 0.0240037
5 15 0.0196439
5 16 0.0172013
5 17 0.017295
5 18 0.0185951
5 19 0.0190869
5 20 0.0228015
5 21 0.0216834
5 22 0.0186515
5 23 0.0181861
5 24 0.0178456
5 25 0.0170503
5 26 0.0167227
5 27 0.0163162
5 28 0.0158789
5 29 0.0162692
5 30 0.0157948
5 31 0.015952
5 32 0.0169337
5 33 0.0169534
5 34 0.0174181
5 35 0.0171895
5 36 0.0165826
5 37 0.0156172
5 38 0.0154493
5 39 0.0150617
5 40 0.0152991
5 41 0.0158684
5 42 0.0170962
5 43 0.0183878
5 44 0.0187254
5 45 0.0196314
5 46 0.0174101
5 47 0.0163047
5 48 0.0154617
5 49 0.0144846
5 50 0.0129601
5 51 0.0120891
5 52 0.0107583
5 53 0.0032051
5 54 0.00811108
5 55 0.00961724
5 56 0.0108963
5 57 0.0121389
5 58 0.0131088
5 59 0.0147004
5 60 0.0164037
5 61 0.0174996
5 62 0.020264
5 63 0.0219074
5 64 0.0246359
5 65 0.0284131
5 66 0.0296308
5 67 0.0369273
5 68 0.0375412
5 69 0.0464933
5 70 0.033657
5 71 0.0136341
5 72 -0.00240281
5 73 -0.0159446
5 74 -0.0224791
5 75 -0.0275319
5 76 -0.0331162
5 77 -0.0385251
5 78 -0.0399296
5 79 -0.0417437
5 80 -0.0422113
5 81 -0.0426795
5 82 -0.0428551
5 83 -0.0427845
5 84 -0.0427707
5 85 -0.0424624
5 86 -0.0421124
5 87 -0.0420103
5 88 -0.042083
5 89 -0.0424483
5 90 -0.0424004
5 91 -0.0425495
5 92 -0.0424062
5 93 -0.0423402
5 94 -0.0432893
5 95 -0.0433866
5 96 -0.0432655
5 97 -0.0432412
5 98 -0.0429349
5 99 -0.042576
5 100 -0.0420357
5 101 -0.0401609
5 102 -0.0403953
5 103 -0.0400645
5 104 -0.0382516
5 105 -0.0343983
5 106 -0.0375774
5 107 -0.0383732
5 108 -0.0396307
5 109 -0.0401776
5 110 -0.0398294
5 111 -0.0402951
5 112 -0.041044
5 113 -0.0412657
5 114 -0.0415688
5 115 -0.0423354
5 116 -0.0426441
5 117 -0.0422661
5 118 -0.0414534
5 119 -0.040618
5 120 -0.0390622
5 121 -0.0371159
5 122 -0.0340459
5 123 -0.0297502
5 124 -0.026713
5 125 -0.0207656
5 126 -0.0253916
5 127 -0.0267865
5 128 -0.0279213
5 129 -0.0307166
5 130 -0.0328829
5 131 -0.035441
5 132 -0.03638
5 133 -0.0385563
5 134 -0.039829
5 135 -0.0397829
5 136 -0.0394854
6 1 0.12805
6 2 0.128746
6 3 0.129268
6 4 0.131705
6 5 0.129067
6 6 0.147426
6 7 0.0896828
6 8 0.0609488
6 9 0.0425604
6 10 0.0363678
6 11 0.0322146
6 12 0.02939
6 13 0.0302188
6 14 0.0262808
6 15 0.0218769
6 16 0.0194107
6 17 0.0194844
6 18 0.0207809
6 19 0.0211964
6 20 0.0249718
6 21 0.0238434
6 22 0.0208115
6 23 0.0203453
6 24 0.0200035
6 25 0.0192091
6 26 0.0188717
6 27 0.0184818
6 28 0.0180551
6 29 0.0184627
6 30 0.0179968
6 31 0.018171
6 32 0.0191731
6 33 0.0192049
6 34 0.0196824
6 35 0.0194618
6 36 0.0188606
6 37 0.0178953
6 38 0.0177292
6 39 0.017342
6 40 0.0175801
6 41 0.0181498
6 42 0.0193788
6 43 0.02067
6 44 0.0210038
6 45 0.0219075
6 46 0.0196648
6 47 0.0185391
6 48 0.0176815
6 49 0.0166828
6 50 0.0151417
6 51 0.0142603
6 52 0.0129232
6 53 0.00535374
6 54 0.0102764
6 55 0.011789
6 56 0.0130763
6 57 0.0143282
6 58 0.0153087
6 59 0.016921
6 60 0.018647
6 61 0.0197568
6 62 0.0225461
6 63 0.0242062
6 64 0.026948
6 65 0.0307498
6 66 0.0319751
6 67 0.0393344
6 68 0.0399103
6 69 0.0493432
6 70 0.0352307
6 71 0.0156795
6 72 -0.000449552
6 73 -0.0139452
6 74 -0.0204775
6 75 -0.0255232
6 76 -0.0311023
6 77 -0.0365063
6 78 -0.0379096
6 79 -0.0397223
6 80 -0.0401892
6 81 -0.0406569
6 82 -0.0408315
6 83 -0.0407602
6 84 -0.0407456
6 85 -0.0404367
6 86 -0.0400862
6 87 -0.0399847
6 88 -0.0400579
6 89 -0.0404245
6 90 -0.0403777
6 91 -0.0405274
6 92 -0.0403845
6 93 -0.0403189
6 94 -0.0412677
6 95 -0.0413649
6 96 -0.0412435
6 97 -0.041219
6 98 -0.0409121
6 99 -0.0405527
6 100 -0.0400112
6 101 -0.0381352
6 102 -0.0383677
6 103 -0.0380365
6 104 -0.0362209
6 105 -0.0323613
6 106 -0.0355513
6 107 -0.0363485
6 108 -0.0376063
6 109 -0.0381537
6 110 -0.0378061
6 111 -0.0382713
6 112 -0.0390206
6 113 -0.0392427
6 114 -0.0395457
6 115 -0.0403127
6 116 -0.0406215
6 117 -0.0402441
6 118 -0.039432
6 119 -0.0385972
6 120 -0.0370422
6 121 -0.0350972
6 122 -0.0320294
6 123 -0.0277374
6 124 -0.0247027
6 125 -0.0187578
6 126 -0.0233814
6 127 -0.024775
6 128 -0.0259087
6 129 -0.0287013
6 130 -0.030864
6 131 -0.0334202
6 132 -0.0343596
6 133 -0.0365353
6 134 -0.0378081
6 135 -0.0377624
6 136 -0.0374653
7 1 0.0862763
7 2 0.0869726
7 3 0.0874949
7 4 0.0899318
7 5 0.0952783
7 6 0.0896828
7 7 0.119773
7 8 0.0618894
7 9 0.043294
7 10 0.0373078
7 11 0.0332153
7 12 0.0304633
7 13 0.0313008
7 14 0.0275051
7 15 0.0232631
7 16 0.0208835
7 17 0.0210305
7 18 0.0223403
7 19 0.0230352
7 20 0.0265878
7 21 0.0254972
7 22 0.0224655
7 23 0.0220025
7 24 0.0216653
7 25 0.0208672
7 26 0.0205659
7 27 0.0201151
7 28 0.0196494
7 29 0.0199938
7 30 0.0194967
7 31 0.0196087
7 32 0.020536
7 33 0.0205231
7 34 0.0209539
7 35 0.0207039
7 36 0.0200819
7 37 0.0191164
7 38 0.0189434
7 39 0.0185552
7 40 0.0187906
7 41 0.0193588
7 42 0.0205832
7 43 0.0218756
7 44 0.0222236
7 45 0.0231357
7 46 0.0209712
7 47 0.0199199
7 48 0.019116
7 49 0.0181967
7 50 0.0167162
7 51 0.0158732
7 52 0.0145591
7 53 0.00704925
7 54 0.0119108
7 55 0.0133996
7 56 0.0146568
7 57 0.0158747
7 58 0.0168161
7 59 0.0183526
7 60 0.0199952
7 61 0.0210541
7 62 0.0237522
7 63 0.0253508
7 64 0.0280441
7 65 0.0317559
7 66 0.0329533
7 67 0.040082
7 68 0.0407972
7 69 0.0484675
7 70 0.0390339
7 71 0.0177533
7 72 0.00196211
7 73 -0.0117028
7 74 -0.018243
7 75 -0.0233149
7 76 -0.0289128
7 77 -0.0343349
7 78 -0.0357426
7 79 -0.0375605
7 80 -0.0380299
7 81 -0.0384994
7 82 -0.0386778
7 83 -0.038609
7 84 -0.0385973
7 85 -0.0382909
7 86 -0.0379421
7 87 -0.0378384
7 88 -0.0379095
7 89 -0.0382717
7 90 -0.0382207
7 91 -0.0383679
7 92 -0.0382235
7 93 -0.0381564
7 94 -0.0391065
7 95 -0.0392043
7 96 -0.0390836
7 97 -0.0390603
7 98 -0.0387553
7 99 -0.0383978
7 100 -0.037861
7 101 -0.0359892
7 102 -0.0362289
7 103 -0.035899
7 104 -0.0340932
7 105 -0.030257
7 106 -0.0334069
7 107 -0.0341986
7 108 -0.0354553
7 109 -0.036001
7 110 -0.0356511
7 111 -0.0361184
7 112 -0.0368662
7 113 -0.0370866
7 114 -0.0373902
7 115 -0.0381556
7 116 -0.0384641
7 117 -0.0380843
7 118 -0.0372702
7 119 -0.0364329
7 120 -0.0348752
7 121 -0.0329255
7 122 -0.0298494
7 123 -0.025544
7 124 -0.0225004
7 125 -0.016546
7 126 -0.0211786
7 127 -0.0225767
7 128 -0.0237146
7 129 -0.0265171
7 130 -0.0286931
7 131 -0.0312562
7 132 -0.0321942
7 133 -0.0343719
7 134 -0.0356445
7 135 -0.035597
7 136 -0.0352987
8 1 0.0522424
8 2 0.0529386
8 3 0.0534611
8 4 0.0558979
8 5 0.0585943
8 6 0.0609488
8 7 0.0618894
8 8 0.0868889
8 9 0.0539024
8 10 0.0466932
8 11 0.0408576
8 12 0.037716
8 13 0.0386024
8 14 0.0334126
8 15 0.0277194
8 16 0.02454
8 17 0.0241302
8 18 0.0252822
8 19 0.0244328
8 20 0.0274896
8 21 0.0256811
8 22 0.0232964
8 23 0.0227582
8 24 0.022483
8 25 0.0219202
8 26 0.0216574
8 27 0.0218502
8 28 0.0220494
8 29 0.0230961
8 30 0.0228409
8 31 0.0234835
8 32 0.0250691
8 33 0.0254266
8 34 0.0262596
8 35 0.0262619
8 36 0.0258159
8 37 0.024852
8 38 0.0247364
8 39 0.0243565
8 40 0.0246148
8 41 0.0251965
8 42 0.0264576
8 43 0.0277479
8 44 0.0279686
8 45 0.0288223
8 46 0.0259621
8 47 0.0242633
8 48 0.0229847
8 49 0.0213157
8 50 0.019269
8 51 0.0180261
8 52 0.0165739
8 53 0.00886475
8 54 0.0140438
8 55 0.0156988
8 56 0.0171902
8 57 0.0186991
8 58 0.0199977
8 59 0.0222176
8 60 0.024602
8 61 0.0261069
8 62 0.0295677
8 63 0.0317039
8 64 0.0349263
8 65 0.0392805
8 66 0.0403851
8 67 0.0485417
8 68 0.0470686
8 69 0.0454985
8 70 0.0360685
8 71 0.0169764
8 72 0.000964647
8 73 -0.0123608
8 74 -0.0188224
8 75 -0.0238095
8 76 -0.0293275
8 77 -0.0346746
8 78 -0.0360631
8 79 -0.0378581
8 80 -0.0383163
8 81 -0.0387779
8 82 -0.0389398
8 83 -0.0388597
8 84 -0.038835
8 85 -0.038517
8 86 -0.0381611
8 87 -0.0380674
8 88 -0.0381479
8 89 -0.0385297
8 90 -0.0384973
8 91 -0.0386556
8 92 -0.0385174
8 93 -0.038457
8 94 -0.0394014
8 95 -0.0394967
8 96 -0.039373
8 97 -0.0393442
8 98 -0.0390308
8 99 -0.038665
8 100 -0.0381074
8 101 -0.0362179
8 102 -0.0364243
8 103 -0.0360884
8 104 -0.0342387
8 105 -0.0302962
8 106 -0.033628
8 107 -0.0344441
8 108 -0.0357061
8 109 -0.0362593
8 110 -0.0359195
8 111 -0.0363772
8 112 -0.037132
8 113 -0.0373596
8 114 -0.0376607
8 115 -0.0384329
8 116 -0.0387428
8 117 -0.0383734
8 118 -0.0375683
8 119 -0.0367422
8 120 -0.0351963
8 121 -0.0332677
8 122 -0.0302299
8 123 -0.0259852
8 124 -0.0229887
8 125 -0.0171137
8 126 -0.0216891
8 127 -0.0230646
8 128 -0.0241782
8 129 -0.0269281
8 130 -0.0290378
8 131 -0.0315662
8 132 -0.0325101
8 133 -0.0346778
8 134 -0.0359509
8 135 -0.0359112
8 136 -0.0356179
9 1 0.0338163
9 2 0.0345124
9 3 0.035035
9 4 0.0374718
9 5 0.0401495
9 6 0.0425604
9 7 0.043294
9 8 0.0539024
9 9 0.0908582
9 10 0.0557866
9 11 0.0506305
9 12 0.0467448
9 13 0.0505678
9 14 0.0415437
9 15 0.0333004
9 16 0.0285086
9 17 0.0273139
9 18 0.0283054
9 19 0.025093
9 20 0.0272624
9 21 0.0248046
9 22 0.0232031
9 23 0.0225867
9 24 0.0223922
9 25 0.0221359
9 26 0.0219034
9 27 0.0229625
9 28 0.0240928
9 29 0.0261432
9 30 0.0261786
9 31 0.0274535
9 32 0.0298794
9 33 0.0305639
9 34 0.0318202
9 35 0.0320739
9 36 0.0317787
9 37 0.030815
9 38 0.0307476
9 39 0.030375
9 40 0.0306524
9 41 0.0312473
9 42 0.0325328
9 43 0.0338485
9 44 0.0339339
9 45 0.0349172
9 46 0.031138
9 47 0.028704
9 48 0.0268617
9 49 0.0242481
9 50 0.0214652
9 51 0.0196861
9 52 0.018053
9 53 0.0100658
9 54 0.0156694
9 55 0.0175437
9 56 0.0193384
9 57 0.0212191
9 58 0.0229723
9 59 0.0260188
9 60 0.0292635
9 61 0.0312757
9 62 0.0354266
9 63 0.0381015
9 64 0.0420727
9 65 0.0465975
9 66 0.0467977
9 67 0.0529843
9 68 0.0494057
9 69 0.0422725
9 70 0.0303214
9 71 0.0147607
9 72 -0.0016821
9 73 -0.0145052
9 74 -0.0208648
9 75 -0.0257336
9 76 -0.0311431
9 77 -0.0363882
9 78 -0.0377506
9 79 -0.0395145
9 80 -0.0399575
9 81 -0.0404083
9 82 -0.0405478
9 83 -0.0404525
9 84 -0.0404103
9 85 -0.0400764
9 86 -0.0397108
9 87 -0.0396307
9 88 -0.0397241
9 89 -0.0401324
9 90 -0.0401252
9 91 -0.0402986
9 92 -0.0401688
9 93 -0.0401173
9 94 -0.0410541
9 95 -0.0411461
9 96 -0.0410183
9 97 -0.040982
9 98 -0.0406571
9 99 -0.0402803
9 100 -0.0396945
9 101 -0.0377809
9 102 -0.0379422
9 103 -0.0375982
9 104 -0.0356894
9 105 -0.031603
9 106 -0.0351806
9 107 -0.0360299
9 108 -0.0372991
9 109 -0.0378625
9 110 -0.0375363
9 111 -0.0379809
9 112 -0.0387452
9 113 -0.0389825
9 114 -0.0392803
9 115 -0.0400617
9 116 -0.0403735
9 117 -0.0400184
9 118 -0.0392253
9 119 -0.0384144
9 120 -0.0368845
9 121 -0.0349845
9 122 -0.0319984
9 123 -0.0278357
9 124 -0.0249024
9 125 -0.0191312
9 126 -0.0236308
9 127 -0.0249758
9 128 -0.0260572
9 129 -0.0287367
9 130 -0.0307573
9 131 -0.033239
9 132 -0.0341911
9 133 -0.0363454
9 134 -0.0376193
9 135 -0.03759
9 136 -0.0373034
10 1 0.0276613
10 2 0.0283574
10 3 0.02888
10 4 0.0313167
10 5 0.0340131
10 6 0.0363678
10 7 0.0373078
10 8 0.0466932
10 9 0.0557866
10 10 0.0824632
10 11 0.0557577
10 12 0.0542569
10 13 0.0531928
10 14 0.044961
10 15 0.0357097
10 16 0.030627
10 17 0.0288178
10 18 0.029518
10 19 0.0249649
10 20 0.0261106
10 21 0.0233468
10 22 0.0223805
10 23 0.0217172
10 24 0.0215987
10 25 0.0216089
10 26 0.0214226
10 27 0.0231665
10 28 0.024989
10 29 0.0278285
10 30 0.028189
10 31 0.0301979
10 32 0.0334656
10 33 0.0348098
10 34 0.0367052
10 35 0.0373792
10 36 0.037401
10 37 0.036437
10 38 0.0364701
10 39 0.0361123
10 40 0.0364293
10 41 0.0370501
10 42 0.0383918
10 43 0.0397362
10 44 0.0395883
10 45 0.0402403
10 46 0.0355496
10 47 0.0321904
10 48 0.0296955
10 49 0.0261294
10 50 0.0226652
10 51 0.0204374
10 52 0.0186462
10 53 0.0105138
10 54 0.0164351
10 55 0.0184927
10 56 0.0205601
10 57 0.0227922
10 58 0.0249846
10 59 0.0289266
10 60 0.0331756
10 61 0.0358223
10 62 0.0410827
10 63 0.0446757
10 64 0.0502979
10 65 0.0550599
10 66 0.05359
10 67 0.0532208
10 68 0.0476724
10 69 0.0365339
10 70 0.0270963
10 71 0.0126466
10 72 -0.00378608
10 73 -0.016363
10 74 -0.0226423
10 75 -0.0274375
10 76 -0.0327734
10 77 -0.0379497
10 78 -0.0392945
10 79 -0.041037
10 80 -0.0414697
10 81 -0.0419131
10 82 -0.0420373
10 83 -0.0419315
10 84 -0.0418772
10 85 -0.0415325
10 86 -0.0411603
10 87 -0.0410895
10 88 -0.0411917
10 89 -0.0416183
10 90 -0.0416283
10 91 -0.041812
10 92 -0.0416879
10 93 -0.0416425
10 94 -0.0425741
10 95 -0.0426638
10 96 -0.0425333
10 97 -0.0424918
10 98 -0.0421591
10 99 -0.0417747
10 100 -0.0411697
10 101 -0.0392396
10 102 -0.0393698
10 103 -0.0390202
10 104 -0.0370706
10 105 -0.032885
10 106 -0.0366322
10 107 -0.0375042
10 108 -0.0387784
10 109 -0.0393488
10 110 -0.0390319
10 111 -0.0394676
10 112 -0.0402384
10 113 -0.0404823
10 114 -0.0407778
10 115 -0.0415655
10 116 -0.0418786
10 117 -0.0415332
10 118 -0.0407483
10 119 -0.0399479
10 120 -0.0384289
10 121 -0.0365486
10 122 -0.0335984
10 123 -0.0294921
10 124 -0.026604
10 125 -0.0209127
10 126 -0.0253563
10 127 -0.0266798
10 128 -0.0277378
10 129 -0.0303669
10 130 -0.0323247
10 131 -0.0347734
10 132 -0.0357311
10 133 -0.0378759
10 134 -0.0391503
10 135 -0.0391281
10 136 -0.0388461
11 1 0.0235191
11 2 0.0242152
11 3 0.0247377
11 4 0.0271745
11 5 0.0298765
11 6 0.0322146
11 7 0.0332153
11 8 0.0408576
11 9 0.0506305
11 10 0.0557577
11 11 0.079804
11 12 0.0582551
11 13 0.0549271
11 14 0.050466
11 15 0.0383937
11 16 0.032643
11 17 0.0304554
11 18 0.0311721
11 19 0.0253835
11 20 0.0257447
11 21 0.0228509
11 22 0.0222675
11 23 0.0215782
11 24 0.021507
11 25 0.0216805
11 26 0.021524
11 27 0.0237037
11 28 0.0260214
11 29 0.0293852
11 30 0.0298958
11 31 0.03225
11 32 0.0359966
11 33 0.0375196
11 34 0.0395164
11 35 0.040196
11 36 0.0400521
11 37 0.0390846
11 38 0.0390612
11 39 0.0386962
11 40 0.0389902
11 41 0.0396022
11 42 0.0408938
11 43 0.0423004
11 44 0.0422116
11 45 0.044122
11 46 0.0381969
11 47 0.034496
11 48 0.0316663
11 49 0.0276164
11 50 0.0237737
11 51 0.0212737
11 52 0.0193966
11 53 0.0111547
11 54 0.0172676
11 55 0.01943
11 56 0.0216445
11 57 0.0240582
11 58 0.0264759
11 59 0.0308003
11 60 0.0353819
11 61 0.0382609
11 62 0.0431844
11 63 0.0465337
11 64 0.0516828
11 65 0.0554157
11 66 0.0532705
11 67 0.0510954
11 68 0.0453309
11 69 0.0338972
11 70 0.0252
11 71 0.0117065
11 72 -0.00477865
11 73 -0.0171807
11 74 -0.023411
11 75 -0.0281582
11 76 -0.0334474
11 77 -0.0385799
11 78 -0.0399133
11 79 -0.0416424
11 80 -0.0420685
11 81 -0.0425072
11 82 -0.0426217
11 83 -0.0425093
11 84 -0.0424473
11 85 -0.0420958
11 86 -0.0417194
11 87 -0.0416545
11 88 -0.0417622
11 89 -0.0422004
11 90 -0.0422213
11 91 -0.0424116
11 92 -0.042291
11 93 -0.0422496
11 94 -0.0431778
11 95 -0.0432661
11 96 -0.0431339
11 97 -0.0430891
11 98 -0.0427515
11 99 -0.0423623
11 100 -0.041745
11 101 -0.0398045
11 102 -0.039915
11 103 -0.0395619
11 104 -0.0375864
11 105 -0.0333381
11 106 -0.0371926
11 107 -0.0380789
11 108 -0.0393563
11 109 -0.0399311
11 110 -0.0396202
11 111 -0.0400502
11 112 -0.0408252
11 113 -0.0410732
11 114 -0.0413673
11 115 -0.0421589
11 116 -0.0424729
11 117 -0.0421336
11 118 -0.041354
11 119 -0.0405602
11 120 -0.0390482
11 121 -0.0371803
11 122 -0.0342527
11 123 -0.0301822
11 124 -0.0273223
11 125 -0.02168
11 126 -0.0260889
11 127 -0.0273989
11 128 -0.0284423
11 129 -0.0310399
11 130 -0.0329582
11 131 -0.0353863
11 132 -0.0363474
11 133 -0.0384863
11 134 -0.0397609
11 135 -0.0397433
11 136 -0.0394642
12 1 0.0207076
12 2 0.0214037
12 3 0.0219263
12 4 0.024363
12 5 0.0270716
12 6 0.02939
12 7 0.0304633
12 8 0.037716
12 9 0.0467448
12 10 0.0542569
12 11 0.0582551
12 12 0.0957586
12 13 0.0627842
12 14 0.0561839
12 15 0.0417427
12 16 0.0346787
12 17 0.032098
12 18 0.0328308
12 19 0.0256826
12 20 0.0250946
12 21 0.0221842
12 22 0.0219532
12 23 0.021246
12 24 0.0212218
12 25 0.0215525
12 26 0.0214294
12 27 0.0240313
12 28 0.0268706
12 29 0.0307866
12 30 0.0313918
12 31 0.0339582
12 32 0.0380706
12 33 0.039564
12 34 0.0416039
12 35 0.0422739
12 36 0.042032
12 37 0.0410595
12 38 0.0409998
12 39 0.040631
12 40 0.0409095
12 41 0.0415198
12 42 0.0427666
12 43 0.0442664
12 44 0.0441672
12 45 0.0467472
12 46 0.0401185
12 47 0.0362396
12 48 0.0332126
12 49 0.0287873
12 50 0.0246233
12 51 0.0218668
12 52 0.0199181
12 53 0.0115706
12 54 0.0178544
12 55 0.020109
12 56 0.0224476
12 57 0.0250097
12 58 0.0276095
12 59 0.0321982
12 60 0.0369748
12 61 0.0399765
12 62 0.0444898
12 63 0.0478283
12 64 0.0536686
12 65 0.0564068
12 66 0.0502229
12 67 0.0463901
12 68 0.0407475
12 69 0.0311916
12 70 0.023379
12 71 0.0106742
12 72 -0.00584013
12 73 -0.0180894
12 74 -0.0242747
12 75 -0.0289788
12 76 -0.0342255
12 77 -0.0393183
12 78 -0.0406415
12 79 -0.0423584
12 80 -0.0427785
12 81 -0.043213
12 82 -0.0433186
12 83 -0.0432002
12 84 -0.0431313
12 85 -0.0427735
12 86 -0.0423933
12 87 -0.0423337
12 88 -0.0424466
12 89 -0.0428952
12 90 -0.0429261
12 91 -0.0431223
12 92 -0.043005
12 93 -0.0429671
12 94 -0.0438923
12 95 -0.0439793
12 96 -0.0438455
12 97 -0.0437977
12 98 -0.0434556
12 99 -0.043062
12 100 -0.0424336
12 101 -0.0404838
12 102 -0.0405763
12 103 -0.04022
12 104 -0.0382211
12 105 -0.0339158
12 106 -0.0378678
12 107 -0.0387671
12 108 -0.0400474
12 109 -0.0406262
12 110 -0.0403206
12 111 -0.0407454
12 112 -0.0415242
12 113 -0.0417761
12 114 -0.0420688
12 115 -0.0428641
12 116 -0.0431788
12 117 -0.0428451
12 118 -0.0420702
12 119 -0.0412824
12 120 -0.0397768
12 121 -0.0379201
12 122 -0.0350131
12 123 -0.0309751
12 124 -0.0281409
12 125 -0.0225436
12 126 -0.0269208
12 127 -0.0282184
12 128 -0.0292485
12 129 -0.0318174
12 130 -0.0336998
12 131 -0.036109
12 132 -0.0370733
12 133 -0.0392068
12 134 -0.0404817
12 135 -0.0404682
12 136 -0.0401917
13 1 0.0215381
13 2 0.0222342
13 3 0.0227567
13 4 0.0251935
13 5 0.0279028
13 6 0.0302188
13 7 0.0313008
13 8 0.0386024
13 9 0.0505678
13 10 0.0531928
13 11 0.0549271
13 12 0.0627842
13 13 0.101949
13 14 0.0647844
13 15 0.0492791
13 16 0.0373968
13 17 0.0347865
13 18 0.0359352
13 19 0.0272598
13 20 0.0262042
13 21 0.0231265
13 22 0.0229031
13 23 0.0221785
13 24 0.02215
13 25 0.022449
13 26 0.0223761
13 27 0.02495
13 28 0.0280736
13 29 0.0321323
13 30 0.0322808
13 31 0.0337455
13 32 0.0369575
13 33 0.0366191
13 34 0.0375699
13 35 0.0375367
13 36 0.0369662
13 37 0.0359999
13 38 0.0358418
13 39 0.0354579
13 40 0.0356984
13 41 0.0362795
13 42 0.0374848
13 43 0.0389006
13 44 0.0390403
13 45 0.0408098
13 46 0.0367201
13 47 0.0343153
13 48 0.0323239
13 49 0.0288017
13 50 0.0250923
13 51 0.0224423
13 52 0.0206007
13 53 0.0121713
13 54 0.0183635
13 55 0.0205352
13 56 0.0226992
13 57 0.0249965
13 58 0.0272432
13 59 0.0308231
13 60 0.0343619
13 61 0.036371
13 62 0.039759
13 63 0.0420666
13 64 0.0462393
13 65 0.0488908
13 66 0.0461541
13 67 0.0448706
13 68 0.0404445
13 69 0.0319393
13 70 0.0242318
13 71 0.0116395
13 72 -0.00493489
13 73 -0.0171963
13 74 -0.0233936
13 75 -0.0281055
13 76 -0.0333614
13 77 -0.0384626
13 78 -0.039788
13 79 -0.0415075
13 80 -0.0419289
13 81 -0.0423644
13 82 -0.042472
13 83 -0.0423548
13 84 -0.0422875
13 85 -0.041931
13 86 -0.0415517
13 87 -0.0414909
13 88 -0.0416027
13 89 -0.042049
13 90 -0.0420777
13 91 -0.0422726
13 92 -0.0421546
13 93 -0.0421159
13 94 -0.0430418
13 95 -0.0431291
13 96 -0.0429956
13 97 -0.0429485
13 98 -0.0426074
13 99 -0.0422147
13 100 -0.0415888
13 101 -0.0396409
13 102 -0.0397374
13 103 -0.0393819
13 104 -0.0373881
13 105 -0.0330954
13 106 -0.0370259
13 107 -0.0379223
13 108 -0.039202
13 109 -0.0397799
13 110 -0.0394731
13 111 -0.0398991
13 112 -0.0406771
13 113 -0.0409281
13 114 -0.0412211
13 115 -0.0420156
13 116 -0.0423302
13 117 -0.0419952
13 118 -0.0412193
13 119 -0.0404302
13 120 -0.0389231
13 121 -0.0370641
13 122 -0.0341524
13 123 -0.0301072
13 124 -0.027267
13 125 -0.021658
13 126 -0.026043
13 127 -0.0273434
13 128 -0.0283767
13 129 -0.0309524
13 130 -0.0328431
13 131 -0.0352566
13 132 -0.0362202
13 133 -0.0383549
13 134 -0.0396298
13 135 -0.0396154
13 136 -0.0393383
14 1 0.017626
14 2 0.018322
14 3 0.0188446
14 4 0.0212813
14 5 0.0240037
14 6 0.0262808
14 7 0.0275051
14 8 0.0334126
14 9 0.0415437
14 10 0.044961
14 11 0.050466
14 12 0.0561839
14 13 0.0647844
14 14 0.106889
14 15 0.0577707
14 16 0.0426264
14 17 0.0401355
14 18 0.0439745
14 19 0.0302379
14 20 0.0273151
14 21 0.0237597
14 22 0.0241071
14 23 0.0233185
14 24 0.0233531
14 25 0.0238418
14 26 0.023895
14 27 0.0270136
14 28 0.0312156
14 29 0.0357926
14 30 0.0356122
14 31 0.0362261
14 32 0.038831
14 33 0.0370673
14 34 0.0371432
14 35 0.0365164
14 36 0.03556
14 37 0.0345944
14 38 0.0343141
14 39 0.0339131
14 40 0.0341051
14 41 0.0346578
14 42 0.0357855
14 43 0.0372064
14 44 0.0375638
14 45 0.03942
14 46 0.0367109
14 47 0.0353948
14 48 0.0340993
14 49 0.0310061
14 50 0.0273586
14 51 0.0244925
14 52 0.0226696
14 53 0.0139846
14 54 0.0203283
14 55 0.0225411
14 56 0.0246959
14 57 0.0269273
14 58 0.0290615
14 59 0.0320442
14 60 0.0347226
14 61 0.0360127
14 62 0.0380731
14 63 0.0394089
14 64 0.0424769
14 65 0.0440187
14 66 0.041605
14 67 0.0395958
14 68 0.036046
14 69 0.028865
14 70 0.0228911
14 71 0.0117047
14 72 -0.00500328
14 73 -0.0170417
14 74 -0.0231858
14 75 -0.0278412
14 76 -0.0330435
14 77 -0.0380945
14 78 -0.0394071
14 79 -0.0411112
14 80 -0.0415251
14 81 -0.0419552
14 82 -0.0420518
14 83 -0.0419271
14 84 -0.041851
14 85 -0.0414868
14 86 -0.0411026
14 87 -0.0410486
14 88 -0.0411666
14 89 -0.0416261
14 90 -0.0416673
14 91 -0.0418697
14 92 -0.0417558
14 93 -0.0417215
14 94 -0.0426437
14 95 -0.0427293
14 96 -0.0425938
14 97 -0.042543
14 98 -0.0421962
14 99 -0.0417981
14 100 -0.0411582
14 101 -0.0391985
14 102 -0.0392726
14 103 -0.038913
14 104 -0.03689
14 105 -0.0325259
14 106 -0.0365783
14 107 -0.0374912
14 108 -0.0387744
14 109 -0.0393574
14 110 -0.0390573
14 111 -0.0394768
14 112 -0.0402595
14 113 -0.0405153
14 114 -0.0408067
14 115 -0.0416057
14 116 -0.0419212
14 117 -0.0415933
14 118 -0.0408234
14 119 -0.0400417
14 120 -0.0385426
14 121 -0.0366977
14 122 -0.0338117
14 123 -0.0298072
14 124 -0.0269987
14 125 -0.0214433
14 126 -0.0257897
14 127 -0.027075
14 128 -0.028092
14 129 -0.0306322
14 130 -0.0324784
14 131 -0.0348685
14 132 -0.0358362
14 133 -0.0379642
14 134 -0.0392395
14 135 -0.0392303
14 136 -0.0389565
15 1 0.0132515
15 2 0.0139475
15 3 0.0144701
15 4 0.0169069
15 5 0.0196439
15 6 0.0218769
15 7 0.0232631
15 8 0.0277194
15 9 0.0333004
15 10 0.0357097
15 11 0.0383937
15 12 0.0417427
15 13 0.0492791
15 14 0.0577707
15 15 0.0904127
15 16 0.0553966
15 17 0.0498487
15 18 0.0474866
15 19 0.0334069
15 20 0.0283073
15 21 0.0247327
15 22 0.0258644
15 23 0.0250277
15 24 0.025163
15 25 0.0259893
15 26 0.0261211
15 27 0.0302884
15 28 0.035924
15 29 0.0431539
15 30 0.042586
15 31 0.0423045
15 32 0.0451264
15 33 0.0394076
15 34 0.0376342
15 35 0.0356753
15 36 0.0339247
15 37 0.0329655
15 38 0.0324383
15 39 0.0320028
15 40 0.0320973
15 41 0.032592
15 42 0.0335667
15 43 0.0349852
15 44 0.0357373
15 45 0.0374753
15 46 0.0378287
15 47 0.0384743
15 48 0.0383552
15 49 0.0354438
15 50 0.0314814
15 51 0.0280334
15 52 0.0261452
15 53 0.017137
15 54 0.0237812
15 55 0.0261263
15 56 0.0283747
15 57 0.0306391
15 58 0.0327816
15 59 0.0349653
15 60 0.0362906
15 61 0.036242
15 62 0.0358632
15 63 0.0353585
15 64 0.0361808
15 65 0.0358132
15 66 0.03453
15 67 0.0323036
15 68 0.0301711
15 69 0.0253087
15 70 0.0213075
15 71 0.0118553
15 72 -0.00493466
15 73 -0.0166479
15 74 -0.022699
15 75 -0.0272639
15 76 -0.0323779
15 77 -0.0373461
15 78 -0.0386374
15 79 -0.040316
15 80 -0.0407175
15 81 -0.0411388
15 82 -0.0412169
15 83 -0.0410797
15 84 -0.0409892
15 85 -0.0406119
15 86 -0.0402198
15 87 -0.040177
15 88 -0.0403056
15 89 -0.0407869
15 90 -0.0408488
15 91 -0.0410635
15 92 -0.0409564
15 93 -0.0409296
15 94 -0.0418454
15 95 -0.0419283
15 96 -0.0417896
15 97 -0.0417325
15 98 -0.0413764
15 99 -0.0409692
15 100 -0.0403061
15 101 -0.0383268
15 102 -0.0383636
15 103 -0.0379974
15 104 -0.0359255
15 105 -0.0314428
15 106 -0.0356981
15 107 -0.0366381
15 108 -0.0379272
15 109 -0.0385186
15 110 -0.0382297
15 111 -0.0386385
15 112 -0.039429
15 113 -0.0396928
15 114 -0.0399814
15 115 -0.040788
15 116 -0.041105
15 117 -0.0407888
15 118 -0.0400287
15 119 -0.0392596
15 120 -0.0377736
15 121 -0.0359522
15 122 -0.0331091
15 123 -0.0291721
15 124 -0.0264172
15 125 -0.020955
15 126 -0.0252355
15 127 -0.0264951
15 128 -0.0274844
15 129 -0.0299651
15 130 -0.0317365
15 131 -0.0340874
15 132 -0.0350617
15 133 -0.0371784
15 134 -0.0384543
15 135 -0.0384536
15 136 -0.0381853
16 1 0.010801
16 2 0.011497
16 3 0.0120196
16 4 0.0144564
16 5 0.0172013
16 6 0.0194107
16 7 0.0208835
16 8 0.02454
16 9 0.0285086
16 10 0.030627
16 11 0.032643
16 12 0.0346787
16 13 0.0373968
16 14 0.0426264
16 15 0.0553966
16 16 0.090631
16 17 0.0556248
16 18 0.0480878
16 19 0.0348644
16 20 0.0287168
16 21 0.0252381
16 22 0.0268197
16 23 0.0259658
16 24 0.0261627
16 25 0.0272029
16 26 0.0273544
16 27 0.0321431
16 28 0.0387231
16 29 0.0464166
16 30 0.0503963
16 31 0.0491105
16 32 0.0471396
16 33 0.0408612
16 34 0.0379003
16 35 0.0353609
16 36 0.0332107
16 37 0.0322534
16 38 0.0316009
16 39 0.0311475
16 40 0.0311925
16 41 0.0316571
16 42 0.0325555
16 43 0.0339659
16 44 0.0349461
16 45 0.0366101
16 46 0.0386083
16 47 0.0405917
16 48 0.0414652
16 49 0.0386791
16 50 0.0340267
16 51 0.0302364
16 52 0.0282599
16 53 0.0190847
16 54 0.0259368
16 55 0.0283831
16 56 0.030737
16 57 0.0331039
16 58 0.0353331
16 59 0.0370802
16 60 0.0375668
16 61 0.0366923
16 62 0.0349357
16 63 0.0334139
16 64 0.03308
16 65 0.0316963
16 66 0.0309444
16 67 0.028467
16 68 0.0270287
16 69 0.0233194
16 70 0.0203739
16 71 0.0118737
16 72 -0.00493376
16 73 -0.0164519
16 74 -0.0224428
16 75 -0.0269511
16 76 -0.032009
16 77 -0.0369249
16 78 -0.0382027
16 79 -0.0398652
16 80 -0.0402588
16 81 -0.0406744
16 82 -0.0407409
16 83 -0.0405957
16 84 -0.040496
16 85 -0.0401105
16 86 -0.0397134
16 87 -0.0396776
16 88 -0.039813
16 89 -0.0403082
16 90 -0.0403831
16 91 -0.0406057
16 92 -0.0405029
16 93 -0.0404807
16 94 -0.0413926
16 95 -0.0414738
16 96 -0.041333
16 97 -0.041272
16 98 -0.0409099
16 99 -0.0404969
16 100 -0.0398192
16 101 -0.0378274
16 102 -0.0378406
16 103 -0.0374701
16 104 -0.0353672
16 105 -0.0308092
16 106 -0.0351932
16 107 -0.0361505
16 108 -0.0374435
16 109 -0.0380402
16 110 -0.0377583
16 111 -0.0381603
16 112 -0.0389558
16 113 -0.0392246
16 114 -0.0395115
16 115 -0.0403228
16 116 -0.0406409
16 117 -0.040332
16 118 -0.0395782
16 119 -0.038817
16 120 -0.0373394
16 121 -0.0355329
16 122 -0.032717
16 123 -0.028823
16 124 -0.0261022
16 125 -0.0207
16 126 -0.0249383
16 127 -0.0261817
16 128 -0.0271533
16 129 -0.0295958
16 130 -0.0313196
16 131 -0.0336456
16 132 -0.034624
16 133 -0.0367336
16 134 -0.0380098
16 135 -0.0380146
16 136 -0.0377497
17 1 0.0108881
17 2 0.0115841
17 3 0.0121067
17 4 0.0145435
17 5 0.017295
17 6 0.0194844
17 7 0.0210305
17 8 0.0241302
17 9 0.0273139
17 10 0.0288178
17 11 0.0304554
17 12 0.032098
17 13 0.0347865
17 14 0.0401355
17 15 0.0498487
17 16 0.0556248
17 17 0.0881016
17 18 0.0517359
17 19 0.0397172
17 20 0.0308833
17 21 0.0268906
17 22 0.0285712
17 23 0.02767
17 24 0.0278747
17 25 0.028848
17 26 0.0292365
17 27 0.0337885
17 28 0.0421132
17 29 0.0457273
17 30 0.0483003
17 31 0.0421922
17 32 0.0393779
17 33 0.0354694
17 34 0.0330968
17 35 0.0310376
17 36 0.029169
17 37 0.0282022
17 38 0.0276308
17 39 0.0271873
17 40 0.0272639
17 41 0.0277446
17 42 0.0286997
17 43 0.0300771
17 44 0.0310765
17 45 0.0325926
17 46 0.0343445
17 47 0.0367193
17 48 0.0382184
17 49 0.0374172
17 50 0.0343293
17 51 0.0311005
17 52 0.0294663
17 53 0.0200344
17 54 0.0266581
17 55 0.028879
17 56 0.0308239
17 57 0.0326278
17 58 0.0341007
17 59 0.0346862
17 60 0.0342299
17 61 0.033143
17 62 0.0315095
17 63 0.0301245
17 64 0.0301413
17 65 0.0293222
17 66 0.0287863
17 67 0.02716
17 68 0.0264612
17 69 0.0236769
17 70 0.0216236
17 71 0.0136712
17 72 -0.00333807
17 73 -0.0148599
17 74 -0.0208797
17 75 -0.0254034
17 76 -0.0304811
17 77 -0.035415
17 78 -0.0366976
17 79 -0.0383659
17 80 -0.0387623
17 81 -0.03918
17 82 -0.0392507
17 83 -0.0391084
17 84 -0.039012
17 85 -0.0386296
17 86 -0.0382343
17 87 -0.0381959
17 88 -0.0383288
17 89 -0.038819
17 90 -0.0388892
17 91 -0.039109
17 92 -0.0390046
17 93 -0.0389807
17 94 -0.039894
17 95 -0.0399758
17 96 -0.0398358
17 97 -0.0397762
17 98 -0.0394163
17 99 -0.0390054
17 100 -0.038333
17 101 -0.0363455
17 102 -0.0363675
17 103 -0.0359986
17 104 -0.033907
17 105 -0.0293767
17 106 -0.0337134
17 107 -0.0346644
17 108 -0.035956
17 109 -0.0365508
17 110 -0.0362664
17 111 -0.0366708
17 112 -0.0374646
17 113 -0.0377315
17 114 -0.038019
17 115 -0.0388287
17 116 -0.0391464
17 117 -0.0388348
17 118 -0.0380788
17 119 -0.0373147
17 120 -0.035834
17 121 -0.0340221
17 122 -0.0311961
17 123 -0.0272864
17 124 -0.024552
17 125 -0.019122
17 126 -0.0233783
17 127 -0.024628
17 128 -0.025607
17 129 -0.0280647
17 130 -0.029807
17 131 -0.0321426
17 132 -0.0331196
17 133 -0.035232
17 134 -0.0365081
17 135 -0.0365109
17 136 -0.0362449
18 1 0.0121869
18 2 0.012883
18 3 0.0134055
18 4 0.0158423
18 5 0.0185951
18 6 0.0207809
18 7 0.0223403
18 8 0.0252822
18 9 0.0283054
18 10 0.029518
18 11 0.0311721
18 12 0.0328308
18 13 0.0359352
18 14 0.0439745
18 15 0.0474866
18 16 0.0480878
18 17 0.0517359
18 18 0.0795862
18 19 0.0418766
18 20 0.0339546
18 21 0.0281753
18 22 0.0296053
18 23 0.0286042
18 24 0.0287278
18 25 0.0293942
18 26 0.0299283
18 27 0.0334948
18 28 0.0402332
18 29 0.042415
18 30 0.0408752
18 31 0.0378862
18 32 0.0361933
18 33 0.0329454
18 34 0.0310848
18 35 0.0293316
18 36 0.0276654
18 37 0.0266972
18 38 0.0261889
18 39 0.0257542
18 40 0.0258558
18 41 0.0263508
18 42 0.0273468
18 43 0.0287175
18 44 0.0296238
18 45 0.0311113
18 46 0.0321746
18 47 0.0340597
18 48 0.0350692
18 49 0.0347591
18 50 0.0325772
18 51 0.029967
18 52 0.0284915
18 53 0.0191617
18 54 0.0254981
18 55 0.0275367
18 56 0.0292423
18 57 0.0307636
18 58 0.0319067
18 59 0.0323451
18 60 0.0320074
18 61 0.0312363
18 62 0.0302042
18 63 0.0292609
18 64 0.0297579
18 65 0.0295114
18 66 0.0289843
18 67 0.0279474
18 68 0.0276231
18 69 0.0250814
18 70 0.0231907
18 71 0.0151739
18 72 -0.00205409
18 73 -0.0137221
18 74 -0.0198188
18 75 -0.0244013
18 76 -0.0295424
18 77 -0.0345352
18 78 -0.0358331
18 79 -0.0375198
18 80 -0.0379252
18 81 -0.0383493
18 82 -0.0384333
18 83 -0.0383001
18 84 -0.0382143
18 85 -0.0378412
18 86 -0.0374517
18 87 -0.0374052
18 88 -0.0375304
18 89 -0.0380047
18 90 -0.03806
18 91 -0.0382708
18 92 -0.0381616
18 93 -0.0381324
18 94 -0.0390502
18 95 -0.0391339
18 96 -0.0389963
18 97 -0.0389412
18 98 -0.038588
18 99 -0.0381837
18 100 -0.037528
18 101 -0.0355547
18 102 -0.035604
18 103 -0.0352399
18 104 -0.0331839
18 105 -0.02874
18 106 -0.0329289
18 107 -0.0338601
18 108 -0.0351474
18 109 -0.0357361
18 110 -0.0354436
18 111 -0.0358558
18 112 -0.0366439
18 113 -0.0369051
18 114 -0.0371946
18 115 -0.0379988
18 116 -0.0383155
18 117 -0.0379954
18 118 -0.0372322
18 119 -0.0364591
18 120 -0.0349688
18 121 -0.0331398
18 122 -0.0302824
18 123 -0.0263234
18 124 -0.0235486
18 125 -0.018043
18 126 -0.0223508
18 127 -0.0236197
18 128 -0.0246199
18 129 -0.0271227
18 130 -0.0289208
18 131 -0.0312857
18 132 -0.0322581
18 133 -0.0343788
18 134 -0.0356546
18 135 -0.0356513
18 136 -0.0353812
19 1 0.0126533
19 2 0.0133493
19 3 0.0138718
19 4 0.0163087
19 5 0.0190869
19 6 0.0211964
19 7 0.0230352
19 8 0.0244328
19 9 0.025093
19 10 0.0249649
19 11 0.0253835
19 12 0.0256826
19 13 0.0272598
19 14 0.0302379
19 15 0.0334069
19 16 0.0348644
19 17 0.0397172
19 18 0.0418766
19 19 0.0671995
19 20 0.0365365
19 21 0.0312026
19 22 0.0324876
19 23 0.0315215
19 24 0.0317564
19 25 0.032049
19 26 0.0340751
19 27 0.0351341
19 28 0.0366142
19 29 0.0358838
19 30 0.0334798
19 31 0.0305702
19 32 0.0283313
19 33 0.0261667
19 34 0.0245632
19 35 0.02303
19 36 0.0215086
19 37 0.0205366
19 38 0.020071
19 39 0.0196415
